0 0.378512 0.379044 0.080469 0.141667
0 0.306979 0.460198 0.098438 0.144444
0 0.152040 0.596147 0.111719 0.141667
0 0.428884 0.471485 0.065625 0.101389
0 0.466635 0.343695 0.076563 0.133333
0 0.545709 0.445966 0.080469 0.150000
0 0.654990 0.384059 0.064844 0.084722
0 0.653203 0.452653 0.071875 0.058333
0 0.612497 0.616952 0.085938 0.126389
0 0.787927 0.491202 0.103906 0.111111
0 0.696978 0.187701 0.076563 0.147222
0 0.755519 0.184052 0.044531 0.106944
0 0.803180 0.182042 0.049219 0.102778
0 0.842315 0.589398 0.118750 0.095833
0 0.690733 0.521871 0.088281 0.090278
0 0.723466 0.632431 0.096875 0.118056
