0 0.377718 0.361108 0.080469 0.141667
0 0.312419 0.480053 0.098438 0.144444
0 0.176797 0.594602 0.111719 0.141667
0 0.425624 0.485208 0.065625 0.101389
0 0.472649 0.366742 0.076563 0.133333
0 0.545700 0.445715 0.080469 0.150000
0 0.654998 0.383983 0.064844 0.084722
0 0.653230 0.452558 0.071875 0.058333
0 0.589257 0.633344 0.085938 0.126389
0 0.787169 0.495608 0.103906 0.111111
0 0.696950 0.186897 0.076563 0.147222
0 0.755771 0.183861 0.044531 0.106944
0 0.808375 0.179270 0.049219 0.102778
0 0.063676 0.646855 0.108594 0.098611
0 0.830483 0.578289 0.118750 0.095833
0 0.692465 0.525749 0.088281 0.090278
0 0.708594 0.635417 0.096875 0.118056
