0 0.394098 0.488339 0.065625 0.101389
0 0.414850 0.339935 0.076563 0.133333
0 0.506782 0.446258 0.080469 0.150000
0 0.548264 0.595500 0.085938 0.126389
0 0.697134 0.187974 0.076563 0.147222
0 0.761700 0.178619 0.044531 0.106944
0 0.634594 0.521775 0.088281 0.090278
0 0.807316 0.165694 0.060938 0.080556
0 0.645793 0.616131 0.109375 0.112500
0 0.196111 0.457519 0.115625 0.120833
0 0.594128 0.382674 0.061719 0.106944
0 0.322910 0.391979 0.085156 0.123611
0 0.568796 0.442296 0.040625 0.084722
0 0.809830 0.476665 0.096094 0.127778
0 0.904494 0.582359 0.142969 0.127778
0 0.767684 0.607325 0.110937 0.113889
0 0.714844 0.506250 0.082813 0.084722
