0 0.339123 0.389705 0.080469 0.141667
0 0.060718 0.645082 0.111719 0.141667
0 0.398571 0.477654 0.065625 0.101389
0 0.414909 0.340151 0.076563 0.133333
0 0.506851 0.446111 0.080469 0.150000
0 0.564681 0.595518 0.085938 0.126389
0 0.787966 0.491296 0.103906 0.111111
0 0.697088 0.188101 0.076563 0.147222
0 0.751071 0.176357 0.044531 0.106944
0 0.835038 0.586151 0.118750 0.095833
0 0.640682 0.511408 0.088281 0.090278
0 0.806843 0.168793 0.060938 0.080556
0 0.596792 0.382588 0.067188 0.106944
0 0.629534 0.454987 0.057813 0.070833
0 0.663559 0.618290 0.109375 0.112500
0 0.233623 0.473007 0.115625 0.120833
