0 0.363696 0.344083 0.080469 0.141667
0 0.285554 0.476913 0.098438 0.144444
0 0.151876 0.595969 0.111719 0.141667
0 0.425892 0.483626 0.065625 0.101389
0 0.466596 0.343318 0.076563 0.133333
0 0.545699 0.445899 0.080469 0.150000
0 0.655034 0.384113 0.064844 0.084722
0 0.653214 0.452629 0.071875 0.058333
0 0.612519 0.616860 0.085938 0.126389
0 0.787962 0.491362 0.103906 0.111111
0 0.696823 0.188064 0.076563 0.147222
0 0.760171 0.191803 0.044531 0.106944
0 0.798667 0.203464 0.049219 0.102778
0 0.825065 0.586531 0.118750 0.095833
0 0.691271 0.521309 0.088281 0.090278
0 0.712121 0.614796 0.096875 0.118056
