0 0.697313 0.189321 0.076563 0.147222
0 0.754675 0.174245 0.044531 0.106944
0 0.541574 0.518172 0.088281 0.090278
0 0.806926 0.162626 0.060938 0.080556
0 0.497380 0.393681 0.061719 0.106944
0 0.473810 0.478811 0.040625 0.084722
0 0.623509 0.503769 0.082813 0.084722
0 0.292642 0.393741 0.100000 0.115278
0 0.394388 0.424935 0.074219 0.143056
0 0.150423 0.451544 0.110156 0.097222
0 0.254472 0.482749 0.092969 0.101389
0 0.461908 0.631858 0.078906 0.109722
0 0.551989 0.613571 0.082813 0.093056
0 0.651333 0.594997 0.104687 0.083333
0 0.823376 0.485354 0.092188 0.115278
0 0.800152 0.608585 0.119531 0.097222
0 0.726040 0.506965 0.108594 0.155556
0 0.944503 0.581122 0.105469 0.109722
