0 0.285175 0.458901 0.065625 0.101389
0 0.538053 0.621135 0.085938 0.126389
0 0.697250 0.189184 0.076563 0.147222
0 0.755863 0.173105 0.044531 0.106944
0 0.628770 0.519646 0.088281 0.090278
0 0.805723 0.174412 0.060938 0.080556
0 0.637847 0.614851 0.109375 0.112500
0 0.542688 0.361950 0.061719 0.106944
0 0.559694 0.453492 0.040625 0.084722
0 0.809847 0.476529 0.096094 0.127778
0 0.885613 0.590081 0.142969 0.127778
0 0.768714 0.615536 0.110937 0.113889
0 0.718094 0.506348 0.082813 0.084722
0 0.177961 0.474802 0.117188 0.108333
0 0.275963 0.850600 0.080469 0.180556
0 0.318966 0.351749 0.100000 0.115278
0 0.372271 0.645164 0.081250 0.125000
0 0.322296 0.751054 0.078906 0.123611
0 0.476953 0.431250 0.074219 0.143056
