0 0.338262 0.377045 0.080469 0.141667
0 0.253177 0.459051 0.098438 0.144444
0 0.152095 0.595918 0.111719 0.141667
0 0.412477 0.474225 0.065625 0.101389
0 0.410150 0.325047 0.076563 0.133333
0 0.517573 0.429256 0.080469 0.150000
0 0.634679 0.374556 0.064844 0.084722
0 0.612409 0.617235 0.085938 0.126389
0 0.787995 0.491299 0.103906 0.111111
0 0.696837 0.187653 0.076563 0.147222
0 0.758024 0.175044 0.044531 0.106944
0 0.819819 0.592088 0.118750 0.095833
0 0.700844 0.528659 0.088281 0.090278
0 0.702745 0.615946 0.096875 0.118056
0 0.819271 0.175603 0.060938 0.080556
0 0.650000 0.442361 0.059375 0.054167
