0 0.377734 0.361111 0.080469 0.141667
0 0.298438 0.495833 0.098438 0.144444
0 0.178516 0.568056 0.111719 0.141667
0 0.432813 0.474306 0.065625 0.101389
0 0.472656 0.366667 0.076563 0.133333
0 0.564453 0.438889 0.080469 0.150000
0 0.655078 0.384028 0.064844 0.084722
0 0.656250 0.455556 0.071875 0.058333
0 0.692578 0.530556 0.077344 0.091667
0 0.725781 0.629167 0.084375 0.102778
0 0.628906 0.629861 0.085938 0.126389
0 0.791797 0.530556 0.103906 0.111111
0 0.888281 0.596528 0.081250 0.118056
0 0.869922 0.315972 0.155469 0.118056
0 0.696875 0.186111 0.076563 0.147222
0 0.757422 0.186806 0.044531 0.106944
0 0.803516 0.176389 0.049219 0.102778
