0 0.697215 0.189153 0.076563 0.147222
0 0.754988 0.176232 0.044531 0.106944
0 0.576992 0.498727 0.088281 0.090278
0 0.798880 0.167473 0.060938 0.080556
0 0.503646 0.406095 0.061719 0.106944
0 0.506737 0.476401 0.040625 0.084722
0 0.769215 0.497284 0.096094 0.127778
0 0.877552 0.592994 0.142969 0.127778
0 0.666625 0.521645 0.082813 0.084722
0 0.292632 0.393608 0.100000 0.115278
0 0.400178 0.448005 0.074219 0.143056
0 0.170799 0.465346 0.110156 0.097222
0 0.252036 0.484920 0.092969 0.101389
0 0.494917 0.635337 0.078906 0.109722
0 0.579797 0.606625 0.082813 0.093056
0 0.739062 0.612500 0.104687 0.083333
