0 0.377756 0.361033 0.080469 0.141667
0 0.298362 0.496111 0.098438 0.144444
0 0.176010 0.579165 0.111719 0.141667
0 0.432406 0.474690 0.065625 0.101389
0 0.472710 0.366461 0.076563 0.133333
0 0.564423 0.438967 0.080469 0.150000
0 0.655022 0.384158 0.064844 0.084722
0 0.656259 0.455418 0.071875 0.058333
0 0.695082 0.535809 0.077344 0.091667
0 0.725821 0.629101 0.084375 0.102778
0 0.628918 0.629943 0.085938 0.126389
0 0.803433 0.533730 0.103906 0.111111
0 0.881052 0.612327 0.081250 0.118056
0 0.941697 0.306597 0.155469 0.118056
0 0.696965 0.186171 0.076563 0.147222
0 0.757841 0.186848 0.044531 0.106944
0 0.803593 0.178780 0.049219 0.102778
