0 0.378554 0.378985 0.080469 0.141667
0 0.307016 0.460319 0.098438 0.144444
0 0.152005 0.595819 0.111719 0.141667
0 0.424965 0.492335 0.065625 0.101389
0 0.466586 0.343588 0.076563 0.133333
0 0.545687 0.446125 0.080469 0.150000
0 0.654989 0.383989 0.064844 0.084722
0 0.653241 0.452705 0.071875 0.058333
0 0.612539 0.616962 0.085938 0.126389
0 0.788033 0.491151 0.103906 0.111111
0 0.696830 0.187642 0.076563 0.147222
0 0.755726 0.183719 0.044531 0.106944
0 0.802604 0.181393 0.049219 0.102778
0 0.847757 0.597155 0.118750 0.095833
0 0.690960 0.520179 0.088281 0.090278
0 0.718103 0.621280 0.096875 0.118056
