0 0.697483 0.189622 0.076563 0.147222
0 0.756227 0.175250 0.044531 0.106944
0 0.527739 0.504317 0.088281 0.090278
0 0.803725 0.170860 0.060938 0.080556
0 0.437186 0.398379 0.061719 0.106944
0 0.623574 0.503527 0.082813 0.084722
0 0.215468 0.461247 0.100000 0.115278
0 0.300547 0.349810 0.074219 0.143056
0 0.122954 0.452041 0.092969 0.101389
0 0.439513 0.641904 0.078906 0.109722
0 0.547148 0.602427 0.082813 0.093056
0 0.660624 0.593900 0.104687 0.083333
0 0.815605 0.510235 0.092188 0.115278
0 0.808647 0.604817 0.119531 0.097222
0 0.941489 0.580124 0.105469 0.109722
0 0.711699 0.489989 0.079687 0.130556
0 0.464110 0.491595 0.042188 0.084722
