0 0.697440 0.189533 0.076563 0.147222
0 0.753919 0.189103 0.044531 0.106944
0 0.459131 0.505272 0.088281 0.090278
0 0.801353 0.168752 0.060938 0.080556
0 0.364415 0.360199 0.061719 0.106944
0 0.549163 0.514145 0.082813 0.084722
0 0.193506 0.482484 0.100000 0.115278
0 0.300725 0.350133 0.074219 0.143056
0 0.097737 0.510321 0.092969 0.101389
0 0.388392 0.593933 0.078906 0.109722
0 0.466579 0.597093 0.082813 0.093056
0 0.585189 0.603266 0.104687 0.083333
0 0.730351 0.497781 0.092188 0.115278
0 0.731553 0.600799 0.119531 0.097222
0 0.635290 0.474510 0.079687 0.130556
0 0.919271 0.404924 0.158594 0.084722
0 0.431250 0.421528 0.056250 0.076389
0 0.397266 0.500000 0.039844 0.097222
0 0.882422 0.575694 0.169531 0.118056
