0 0.392225 0.453857 0.065625 0.101389
0 0.395337 0.339848 0.076563 0.133333
0 0.506595 0.447320 0.080469 0.150000
0 0.542638 0.613858 0.085938 0.126389
0 0.697096 0.188522 0.076563 0.147222
0 0.766291 0.181570 0.044531 0.106944
0 0.629098 0.518897 0.088281 0.090278
0 0.807323 0.182350 0.060938 0.080556
0 0.645615 0.611908 0.109375 0.112500
0 0.188213 0.505228 0.115625 0.120833
0 0.594215 0.382678 0.061719 0.106944
0 0.324928 0.389375 0.085156 0.123611
0 0.566119 0.454057 0.040625 0.084722
0 0.809833 0.476464 0.096094 0.127778
0 0.878975 0.580398 0.142969 0.127778
0 0.770679 0.595978 0.110937 0.113889
0 0.714873 0.506270 0.082813 0.084722
