0 0.338996 0.389558 0.080469 0.141667
0 0.075056 0.626556 0.111719 0.141667
0 0.397963 0.477625 0.065625 0.101389
0 0.414905 0.340276 0.076563 0.133333
0 0.506805 0.446294 0.080469 0.150000
0 0.561832 0.606268 0.085938 0.126389
0 0.788001 0.491337 0.103906 0.111111
0 0.697128 0.188092 0.076563 0.147222
0 0.750819 0.176979 0.044531 0.106944
0 0.834840 0.586070 0.118750 0.095833
0 0.637520 0.522943 0.088281 0.090278
0 0.806805 0.168605 0.060938 0.080556
0 0.592168 0.375679 0.067188 0.106944
0 0.636399 0.451975 0.057813 0.070833
0 0.667319 0.624802 0.109375 0.112500
0 0.233594 0.472917 0.115625 0.120833
