0 0.697340 0.189301 0.076563 0.147222
0 0.754487 0.174162 0.044531 0.106944
0 0.541634 0.518359 0.088281 0.090278
0 0.805998 0.165904 0.060938 0.080556
0 0.497338 0.393585 0.061719 0.106944
0 0.473886 0.478994 0.040625 0.084722
0 0.623521 0.503645 0.082813 0.084722
0 0.292508 0.393906 0.100000 0.115278
0 0.394596 0.424673 0.074219 0.143056
0 0.150426 0.451523 0.110156 0.097222
0 0.254076 0.483445 0.092969 0.101389
0 0.462199 0.631456 0.078906 0.109722
0 0.552029 0.613514 0.082813 0.093056
0 0.651283 0.595132 0.104687 0.083333
0 0.823462 0.485281 0.092188 0.115278
0 0.800156 0.609588 0.119531 0.097222
0 0.726129 0.507017 0.108594 0.155556
0 0.939353 0.573542 0.105469 0.109722
