0 0.697396 0.189536 0.076563 0.147222
0 0.753731 0.188110 0.044531 0.106944
0 0.459115 0.505022 0.088281 0.090278
0 0.801662 0.167937 0.060938 0.080556
0 0.549132 0.514450 0.082813 0.084722
0 0.193542 0.482724 0.100000 0.115278
0 0.096579 0.510700 0.092969 0.101389
0 0.383274 0.605103 0.078906 0.109722
0 0.461359 0.598057 0.082813 0.093056
0 0.576464 0.620638 0.104687 0.083333
0 0.730326 0.497655 0.092188 0.115278
0 0.706694 0.612424 0.119531 0.097222
0 0.635329 0.474816 0.079687 0.130556
0 0.919287 0.404769 0.158594 0.084722
0 0.881085 0.574005 0.169531 0.118056
0 0.400781 0.254167 0.098438 0.111111
0 0.290625 0.384722 0.106250 0.150000
0 0.417578 0.429861 0.058594 0.087500
0 0.400000 0.503472 0.051562 0.076389
