0 0.379552 0.475212 0.065625 0.101389
0 0.374549 0.335842 0.076563 0.133333
0 0.527045 0.495573 0.080469 0.150000
0 0.551454 0.611728 0.085938 0.126389
0 0.697220 0.189150 0.076563 0.147222
0 0.764881 0.174088 0.044531 0.106944
0 0.629102 0.519062 0.088281 0.090278
0 0.811936 0.192961 0.060938 0.080556
0 0.645625 0.611848 0.109375 0.112500
0 0.594239 0.382677 0.061719 0.106944
0 0.566186 0.453978 0.040625 0.084722
0 0.809813 0.476565 0.096094 0.127778
0 0.885135 0.590589 0.142969 0.127778
0 0.775111 0.602274 0.110937 0.113889
0 0.714874 0.506241 0.082813 0.084722
0 0.432808 0.558560 0.065625 0.116667
0 0.473753 0.359441 0.076563 0.136111
0 0.498260 0.264528 0.092969 0.133333
0 0.237500 0.448611 0.117188 0.108333
