0 0.390655 0.442501 0.065625 0.101389
0 0.395060 0.339828 0.076563 0.133333
0 0.506571 0.447160 0.080469 0.150000
0 0.543293 0.609379 0.085938 0.126389
0 0.697208 0.189201 0.076563 0.147222
0 0.772486 0.168492 0.044531 0.106944
0 0.629174 0.519118 0.088281 0.090278
0 0.807694 0.180924 0.060938 0.080556
0 0.645596 0.611952 0.109375 0.112500
0 0.156091 0.577590 0.115625 0.120833
0 0.594178 0.382703 0.061719 0.106944
0 0.325135 0.389536 0.085156 0.123611
0 0.566110 0.454089 0.040625 0.084722
0 0.809803 0.476450 0.096094 0.127778
0 0.878932 0.579621 0.142969 0.127778
0 0.769035 0.597767 0.110937 0.113889
0 0.714796 0.506302 0.082813 0.084722
0 0.478906 0.192361 0.081250 0.123611
0 0.429297 0.060417 0.075781 0.112500
