0 0.697342 0.189403 0.076563 0.147222
0 0.755043 0.174545 0.044531 0.106944
0 0.541616 0.518313 0.088281 0.090278
0 0.806740 0.162576 0.060938 0.080556
0 0.497342 0.393870 0.061719 0.106944
0 0.473791 0.478935 0.040625 0.084722
0 0.623494 0.503582 0.082813 0.084722
0 0.292513 0.393718 0.100000 0.115278
0 0.394406 0.424643 0.074219 0.143056
0 0.150413 0.451529 0.110156 0.097222
0 0.254471 0.482393 0.092969 0.101389
0 0.460956 0.639413 0.078906 0.109722
0 0.552011 0.613664 0.082813 0.093056
0 0.651358 0.595044 0.104687 0.083333
0 0.823385 0.485378 0.092188 0.115278
0 0.829078 0.597108 0.119531 0.097222
0 0.726147 0.506952 0.108594 0.155556
0 0.937479 0.566496 0.105469 0.109722
