0 0.338200 0.377104 0.080469 0.141667
0 0.252803 0.459062 0.098438 0.144444
0 0.152310 0.595923 0.111719 0.141667
0 0.421029 0.477536 0.065625 0.101389
0 0.422759 0.311853 0.076563 0.133333
0 0.517567 0.429443 0.080469 0.150000
0 0.654925 0.384098 0.064844 0.084722
0 0.648228 0.456831 0.071875 0.058333
0 0.612553 0.616890 0.085938 0.126389
0 0.787958 0.491192 0.103906 0.111111
0 0.696734 0.187612 0.076563 0.147222
0 0.757976 0.175582 0.044531 0.106944
0 0.819798 0.592052 0.118750 0.095833
0 0.696558 0.528721 0.088281 0.090278
0 0.702804 0.615970 0.096875 0.118056
0 0.815948 0.173368 0.060938 0.080556
