0 0.697392 0.189417 0.076563 0.147222
0 0.755451 0.174994 0.044531 0.106944
0 0.535504 0.500573 0.088281 0.090278
0 0.804321 0.178562 0.060938 0.080556
0 0.497383 0.393536 0.061719 0.106944
0 0.476238 0.486108 0.040625 0.084722
0 0.623540 0.503819 0.082813 0.084722
0 0.292596 0.393612 0.100000 0.115278
0 0.394438 0.424773 0.074219 0.143056
0 0.153548 0.480696 0.110156 0.097222
0 0.254128 0.481922 0.092969 0.101389
0 0.463086 0.632944 0.078906 0.109722
0 0.552085 0.613535 0.082813 0.093056
0 0.651325 0.595119 0.104687 0.083333
0 0.823407 0.485386 0.092188 0.115278
0 0.799760 0.609355 0.119531 0.097222
0 0.726117 0.507042 0.108594 0.155556
0 0.955818 0.576133 0.105469 0.109722
