0 0.339045 0.389675 0.080469 0.141667
0 0.253402 0.458951 0.098438 0.144444
0 0.107782 0.604047 0.111719 0.141667
0 0.398585 0.477653 0.065625 0.101389
0 0.414966 0.340268 0.076563 0.133333
0 0.506858 0.446435 0.080469 0.150000
0 0.567055 0.625276 0.085938 0.126389
0 0.787941 0.491248 0.103906 0.111111
0 0.697125 0.188017 0.076563 0.147222
0 0.748014 0.186165 0.044531 0.106944
0 0.834764 0.585936 0.118750 0.095833
0 0.675846 0.518939 0.088281 0.090278
0 0.818230 0.157945 0.060938 0.080556
0 0.592152 0.375714 0.067188 0.106944
0 0.636335 0.451992 0.057813 0.070833
0 0.675000 0.620139 0.109375 0.112500
