0 0.697207 0.189026 0.076563 0.147222
0 0.754905 0.176163 0.044531 0.106944
0 0.576583 0.509810 0.088281 0.090278
0 0.797344 0.169249 0.060938 0.080556
0 0.503640 0.406345 0.061719 0.106944
0 0.520972 0.472079 0.040625 0.084722
0 0.792687 0.505552 0.096094 0.127778
0 0.887026 0.596946 0.142969 0.127778
0 0.757258 0.623652 0.110937 0.113889
0 0.679830 0.538327 0.082813 0.084722
0 0.292512 0.393630 0.100000 0.115278
0 0.403310 0.427066 0.074219 0.143056
0 0.170773 0.465317 0.110156 0.097222
0 0.252346 0.485481 0.092969 0.101389
0 0.499536 0.638939 0.078906 0.109722
0 0.601767 0.595239 0.082813 0.093056
