0 0.697350 0.189163 0.076563 0.147222
0 0.754920 0.176101 0.044531 0.106944
0 0.555750 0.514011 0.088281 0.090278
0 0.803590 0.166847 0.060938 0.080556
0 0.503582 0.406354 0.061719 0.106944
0 0.474685 0.498957 0.040625 0.084722
0 0.857231 0.580121 0.142969 0.127778
0 0.664963 0.511693 0.082813 0.084722
0 0.292534 0.393661 0.100000 0.115278
0 0.400144 0.448399 0.074219 0.143056
0 0.170777 0.465250 0.110156 0.097222
0 0.253842 0.482427 0.092969 0.101389
0 0.479110 0.638104 0.078906 0.109722
0 0.561420 0.612369 0.082813 0.093056
0 0.708779 0.599894 0.104687 0.083333
0 0.754297 0.511806 0.078906 0.131944
