0 0.697441 0.189453 0.076563 0.147222
0 0.755555 0.174376 0.044531 0.106944
0 0.535501 0.525241 0.088281 0.090278
0 0.800278 0.156318 0.060938 0.080556
0 0.478624 0.393090 0.061719 0.106944
0 0.623578 0.503616 0.082813 0.084722
0 0.247731 0.465661 0.100000 0.115278
0 0.343493 0.394033 0.074219 0.143056
0 0.142481 0.453488 0.092969 0.101389
0 0.442307 0.654034 0.078906 0.109722
0 0.546749 0.613250 0.082813 0.093056
0 0.652820 0.586945 0.104687 0.083333
0 0.817125 0.508760 0.092188 0.115278
0 0.808272 0.605626 0.119531 0.097222
0 0.941636 0.577889 0.105469 0.109722
0 0.488066 0.476040 0.044531 0.052778
0 0.729791 0.526336 0.079687 0.130556
