0 0.521333 0.625257 0.085938 0.126389
0 0.697346 0.189186 0.076563 0.147222
0 0.755268 0.175042 0.044531 0.106944
0 0.586558 0.518166 0.088281 0.090278
0 0.796972 0.171563 0.060938 0.080556
0 0.619225 0.627903 0.109375 0.112500
0 0.519320 0.378440 0.061719 0.106944
0 0.526714 0.484188 0.040625 0.084722
0 0.809883 0.476518 0.096094 0.127778
0 0.886216 0.589796 0.142969 0.127778
0 0.767327 0.601071 0.110937 0.113889
0 0.696218 0.534110 0.082813 0.084722
0 0.292488 0.393553 0.100000 0.115278
0 0.427668 0.411597 0.074219 0.143056
0 0.170760 0.465338 0.110156 0.097222
0 0.250674 0.489615 0.092969 0.101389
0 0.278222 0.846388 0.105469 0.168056
