0 0.377659 0.360990 0.080469 0.141667
0 0.312394 0.480229 0.098438 0.144444
0 0.181516 0.575200 0.111719 0.141667
0 0.432069 0.474193 0.065625 0.101389
0 0.472684 0.366605 0.076563 0.133333
0 0.551192 0.433364 0.080469 0.150000
0 0.654919 0.383935 0.064844 0.084722
0 0.653236 0.452800 0.071875 0.058333
0 0.629002 0.627177 0.085938 0.126389
0 0.787178 0.495557 0.103906 0.111111
0 0.696866 0.186557 0.076563 0.147222
0 0.755813 0.185171 0.044531 0.106944
0 0.801203 0.183804 0.049219 0.102778
0 0.063578 0.647318 0.108594 0.098611
0 0.865689 0.577998 0.118750 0.095833
0 0.695081 0.520408 0.088281 0.090278
0 0.717140 0.621484 0.092188 0.109722
