0 0.525031 0.639654 0.085938 0.126389
0 0.697171 0.189195 0.076563 0.147222
0 0.754810 0.174619 0.044531 0.106944
0 0.628729 0.519459 0.088281 0.090278
0 0.800350 0.180875 0.060938 0.080556
0 0.622078 0.633779 0.109375 0.112500
0 0.539608 0.384022 0.061719 0.106944
0 0.526844 0.489288 0.040625 0.084722
0 0.809953 0.476252 0.096094 0.127778
0 0.886249 0.589709 0.142969 0.127778
0 0.765936 0.607078 0.110937 0.113889
0 0.718092 0.506296 0.082813 0.084722
0 0.292374 0.393586 0.100000 0.115278
0 0.427628 0.411590 0.074219 0.143056
0 0.170833 0.465373 0.110156 0.097222
0 0.248910 0.493402 0.092969 0.101389
0 0.278352 0.846468 0.105469 0.168056
