0 0.377721 0.360970 0.080469 0.141667
0 0.308435 0.489947 0.098438 0.144444
0 0.181525 0.575332 0.111719 0.141667
0 0.432290 0.474337 0.065625 0.101389
0 0.472665 0.366383 0.076563 0.133333
0 0.549646 0.456730 0.080469 0.150000
0 0.655033 0.384148 0.064844 0.084722
0 0.653186 0.452556 0.071875 0.058333
0 0.725864 0.629256 0.084375 0.102778
0 0.628927 0.626469 0.085938 0.126389
0 0.791084 0.502442 0.103906 0.111111
0 0.696809 0.186357 0.076563 0.147222
0 0.757277 0.186122 0.044531 0.106944
0 0.800593 0.182466 0.049219 0.102778
0 0.062824 0.648726 0.108594 0.098611
0 0.856874 0.598059 0.118750 0.095833
0 0.693359 0.524306 0.088281 0.090278
