0 0.697395 0.189426 0.076563 0.147222
0 0.755451 0.174494 0.044531 0.106944
0 0.540226 0.514151 0.088281 0.090278
0 0.801100 0.158700 0.060938 0.080556
0 0.478637 0.393238 0.061719 0.106944
0 0.623488 0.503597 0.082813 0.084722
0 0.256468 0.472835 0.100000 0.115278
0 0.363634 0.395460 0.074219 0.143056
0 0.069865 0.624571 0.110156 0.097222
0 0.152623 0.449338 0.092969 0.101389
0 0.451156 0.636738 0.078906 0.109722
0 0.542347 0.612802 0.082813 0.093056
0 0.661197 0.597933 0.104687 0.083333
0 0.817210 0.508955 0.092188 0.115278
0 0.808309 0.605445 0.119531 0.097222
0 0.942123 0.578620 0.105469 0.109722
0 0.485585 0.475091 0.044531 0.052778
0 0.729713 0.526214 0.079687 0.130556
