0 0.377758 0.360993 0.080469 0.141667
0 0.308500 0.489908 0.098438 0.144444
0 0.181611 0.575300 0.111719 0.141667
0 0.432131 0.474302 0.065625 0.101389
0 0.472702 0.366676 0.076563 0.133333
0 0.549664 0.456909 0.080469 0.150000
0 0.655028 0.384107 0.064844 0.084722
0 0.653209 0.452650 0.071875 0.058333
0 0.628999 0.626569 0.085938 0.126389
0 0.791099 0.502537 0.103906 0.111111
0 0.696900 0.186667 0.076563 0.147222
0 0.756462 0.186018 0.044531 0.106944
0 0.800350 0.182965 0.049219 0.102778
0 0.063506 0.647917 0.108594 0.098611
0 0.855799 0.581090 0.118750 0.095833
0 0.694785 0.522960 0.088281 0.090278
0 0.717188 0.621528 0.092188 0.109722
