0 0.697386 0.189458 0.076563 0.147222
0 0.753963 0.188165 0.044531 0.106944
0 0.802064 0.167241 0.060938 0.080556
0 0.549103 0.514174 0.082813 0.084722
0 0.193637 0.482235 0.100000 0.115278
0 0.077855 0.551935 0.092969 0.101389
0 0.381081 0.600871 0.078906 0.109722
0 0.470350 0.600211 0.082813 0.093056
0 0.577663 0.591602 0.104687 0.083333
0 0.730267 0.497647 0.092188 0.115278
0 0.700523 0.609834 0.119531 0.097222
0 0.627486 0.490003 0.079687 0.130556
0 0.919293 0.405022 0.158594 0.084722
0 0.287602 0.405804 0.106250 0.150000
0 0.409853 0.417752 0.058594 0.087500
0 0.448929 0.514931 0.051562 0.076389
0 0.402344 0.504167 0.043750 0.083333
0 0.860547 0.574306 0.124219 0.123611
0 0.413672 0.174306 0.082031 0.154167
