0 0.377711 0.361152 0.080469 0.141667
0 0.312349 0.479437 0.098438 0.144444
0 0.154314 0.571140 0.111719 0.141667
0 0.428433 0.473730 0.065625 0.101389
0 0.468234 0.331020 0.076563 0.133333
0 0.545677 0.445752 0.080469 0.150000
0 0.654965 0.383928 0.064844 0.084722
0 0.653283 0.452446 0.071875 0.058333
0 0.619538 0.629089 0.085938 0.126389
0 0.787160 0.495503 0.103906 0.111111
0 0.696969 0.188297 0.076563 0.147222
0 0.755099 0.183949 0.044531 0.106944
0 0.810780 0.169158 0.049219 0.102778
0 0.053419 0.637854 0.108594 0.098611
0 0.843612 0.576836 0.118750 0.095833
0 0.691778 0.516210 0.088281 0.090278
0 0.721299 0.623570 0.096875 0.118056
