0 0.377769 0.361210 0.080469 0.141667
0 0.312398 0.480070 0.098438 0.144444
0 0.181465 0.575233 0.111719 0.141667
0 0.425470 0.484740 0.065625 0.101389
0 0.472693 0.366590 0.076563 0.133333
0 0.559800 0.430419 0.080469 0.150000
0 0.654935 0.384027 0.064844 0.084722
0 0.653233 0.452543 0.071875 0.058333
0 0.629039 0.626761 0.085938 0.126389
0 0.787189 0.495590 0.103906 0.111111
0 0.696973 0.186534 0.076563 0.147222
0 0.755411 0.183771 0.044531 0.106944
0 0.809259 0.182154 0.049219 0.102778
0 0.063604 0.647248 0.108594 0.098611
0 0.828524 0.581012 0.118750 0.095833
0 0.692558 0.527492 0.088281 0.090278
0 0.717176 0.621349 0.092188 0.109722
