0 0.338951 0.389599 0.080469 0.141667
0 0.253442 0.458972 0.098438 0.144444
0 0.143077 0.589989 0.111719 0.141667
0 0.399547 0.475619 0.065625 0.101389
0 0.414861 0.340344 0.076563 0.133333
0 0.506851 0.446029 0.080469 0.150000
0 0.574404 0.610844 0.085938 0.126389
0 0.787921 0.491265 0.103906 0.111111
0 0.697123 0.188121 0.076563 0.147222
0 0.758147 0.175751 0.044531 0.106944
0 0.834012 0.585141 0.118750 0.095833
0 0.675804 0.518872 0.088281 0.090278
0 0.677597 0.619295 0.096875 0.118056
0 0.818194 0.158009 0.060938 0.080556
0 0.592188 0.375694 0.067188 0.106944
0 0.647656 0.447917 0.057813 0.070833
