0 0.401115 0.474252 0.065625 0.101389
0 0.399373 0.363615 0.076563 0.133333
0 0.506628 0.446751 0.080469 0.150000
0 0.551866 0.600238 0.085938 0.126389
0 0.697087 0.187969 0.076563 0.147222
0 0.760877 0.177761 0.044531 0.106944
0 0.634587 0.521824 0.088281 0.090278
0 0.806737 0.170403 0.060938 0.080556
0 0.645843 0.616194 0.109375 0.112500
0 0.182738 0.459178 0.115625 0.120833
0 0.594199 0.382797 0.061719 0.106944
0 0.329941 0.384758 0.085156 0.123611
0 0.568799 0.442434 0.040625 0.084722
0 0.809804 0.476571 0.096094 0.127778
0 0.878141 0.581349 0.142969 0.127778
0 0.771465 0.614667 0.110937 0.113889
0 0.714876 0.506162 0.082813 0.084722
