0 0.697251 0.189378 0.076563 0.147222
0 0.755176 0.175032 0.044531 0.106944
0 0.541605 0.518363 0.088281 0.090278
0 0.803513 0.167265 0.060938 0.080556
0 0.503624 0.406301 0.061719 0.106944
0 0.474662 0.498988 0.040625 0.084722
0 0.622783 0.533955 0.082813 0.084722
0 0.292520 0.393802 0.100000 0.115278
0 0.400124 0.448346 0.074219 0.143056
0 0.170753 0.465351 0.110156 0.097222
0 0.252543 0.483868 0.092969 0.101389
0 0.480988 0.636135 0.078906 0.109722
0 0.556814 0.605250 0.082813 0.093056
0 0.694353 0.617076 0.104687 0.083333
0 0.838176 0.485297 0.092188 0.115278
0 0.828516 0.600000 0.119531 0.097222
0 0.714453 0.516667 0.108594 0.155556
