0 0.697360 0.189356 0.076563 0.147222
0 0.754998 0.174392 0.044531 0.106944
0 0.541542 0.518360 0.088281 0.090278
0 0.805901 0.162768 0.060938 0.080556
0 0.497363 0.393745 0.061719 0.106944
0 0.473823 0.478918 0.040625 0.084722
0 0.623576 0.503631 0.082813 0.084722
0 0.292555 0.393685 0.100000 0.115278
0 0.394373 0.424817 0.074219 0.143056
0 0.150407 0.451538 0.110156 0.097222
0 0.254118 0.483124 0.092969 0.101389
0 0.460673 0.639567 0.078906 0.109722
0 0.552054 0.613546 0.082813 0.093056
0 0.651313 0.595007 0.104687 0.083333
0 0.823436 0.485518 0.092188 0.115278
0 0.828880 0.598566 0.119531 0.097222
0 0.726042 0.506941 0.108594 0.155556
0 0.944922 0.574306 0.105469 0.109722
