0 0.697399 0.189284 0.076563 0.147222
0 0.754224 0.190398 0.044531 0.106944
0 0.464686 0.488769 0.088281 0.090278
0 0.803202 0.169335 0.060938 0.080556
0 0.395047 0.407480 0.061719 0.106944
0 0.549202 0.514406 0.082813 0.084722
0 0.215490 0.462972 0.100000 0.115278
0 0.300609 0.349816 0.074219 0.143056
0 0.122759 0.452014 0.092969 0.101389
0 0.393461 0.617568 0.078906 0.109722
0 0.477638 0.610603 0.082813 0.093056
0 0.641270 0.598035 0.104687 0.083333
0 0.815544 0.510261 0.092188 0.115278
0 0.806514 0.607907 0.119531 0.097222
0 0.939911 0.577018 0.105469 0.109722
0 0.656983 0.488679 0.079687 0.130556
0 0.397982 0.513242 0.042188 0.084722
0 0.221100 0.635280 0.142188 0.116667
