0 0.398523 0.480599 0.065625 0.101389
0 0.414879 0.340174 0.076563 0.133333
0 0.506844 0.446317 0.080469 0.150000
0 0.559361 0.607259 0.085938 0.126389
0 0.724737 0.502232 0.103906 0.111111
0 0.697179 0.188081 0.076563 0.147222
0 0.759281 0.175183 0.044531 0.106944
0 0.790979 0.572703 0.118750 0.095833
0 0.634580 0.521829 0.088281 0.090278
0 0.804552 0.181614 0.060938 0.080556
0 0.645775 0.615940 0.109375 0.112500
0 0.196108 0.457420 0.115625 0.120833
0 0.594125 0.382747 0.061719 0.106944
0 0.589506 0.454071 0.075781 0.044444
0 0.320703 0.356250 0.085156 0.123611
0 0.939844 0.596528 0.115625 0.112500
