0 0.398568 0.472073 0.065625 0.101389
0 0.414924 0.340033 0.076563 0.133333
0 0.506787 0.446365 0.080469 0.150000
0 0.548828 0.596102 0.085938 0.126389
0 0.697165 0.188108 0.076563 0.147222
0 0.760899 0.178496 0.044531 0.106944
0 0.634502 0.521717 0.088281 0.090278
0 0.806843 0.168949 0.060938 0.080556
0 0.645767 0.616073 0.109375 0.112500
0 0.196083 0.457493 0.115625 0.120833
0 0.594167 0.382694 0.061719 0.106944
0 0.329864 0.385188 0.085156 0.123611
0 0.568800 0.442344 0.040625 0.084722
0 0.809742 0.476647 0.096094 0.127778
0 0.888260 0.574128 0.142969 0.127778
0 0.770599 0.608444 0.110937 0.113889
0 0.714889 0.506224 0.082813 0.084722
