0 0.377746 0.361078 0.080469 0.141667
0 0.312429 0.480235 0.098438 0.144444
0 0.181552 0.575275 0.111719 0.141667
0 0.431997 0.474145 0.065625 0.101389
0 0.472678 0.366407 0.076563 0.133333
0 0.559767 0.430458 0.080469 0.150000
0 0.655062 0.383920 0.064844 0.084722
0 0.653219 0.452558 0.071875 0.058333
0 0.629067 0.626676 0.085938 0.126389
0 0.787202 0.495667 0.103906 0.111111
0 0.696894 0.186342 0.076563 0.147222
0 0.755542 0.184057 0.044531 0.106944
0 0.807024 0.181716 0.049219 0.102778
0 0.063529 0.647629 0.108594 0.098611
0 0.865594 0.578395 0.118750 0.095833
0 0.693324 0.517360 0.088281 0.090278
0 0.717162 0.621425 0.092188 0.109722
