0 0.697433 0.189569 0.076563 0.147222
0 0.753885 0.190205 0.044531 0.106944
0 0.459178 0.505163 0.088281 0.090278
0 0.802108 0.169624 0.060938 0.080556
0 0.395015 0.407518 0.061719 0.106944
0 0.549151 0.514363 0.082813 0.084722
0 0.215475 0.462251 0.100000 0.115278
0 0.300555 0.350042 0.074219 0.143056
0 0.122759 0.451990 0.092969 0.101389
0 0.385186 0.610531 0.078906 0.109722
0 0.461887 0.597970 0.082813 0.093056
0 0.585873 0.597763 0.104687 0.083333
0 0.815653 0.510193 0.092188 0.115278
0 0.785679 0.601066 0.119531 0.097222
0 0.939314 0.577326 0.105469 0.109722
0 0.635250 0.474728 0.079687 0.130556
0 0.385005 0.497986 0.042188 0.084722
0 0.264453 0.583333 0.085156 0.130556
