0 0.697296 0.189173 0.076563 0.147222
0 0.754915 0.175986 0.044531 0.106944
0 0.581855 0.520813 0.088281 0.090278
0 0.796321 0.170354 0.060938 0.080556
0 0.519226 0.378423 0.061719 0.106944
0 0.525964 0.485787 0.040625 0.084722
0 0.809881 0.476374 0.096094 0.127778
0 0.886244 0.591989 0.142969 0.127778
0 0.766964 0.619145 0.110937 0.113889
0 0.696155 0.534096 0.082813 0.084722
0 0.292505 0.393579 0.100000 0.115278
0 0.427666 0.411631 0.074219 0.143056
0 0.170802 0.465378 0.110156 0.097222
0 0.253250 0.486550 0.092969 0.101389
0 0.498828 0.638194 0.078906 0.109722
0 0.598437 0.610417 0.082813 0.093056
