0 0.340619 0.460812 0.065625 0.101389
0 0.556603 0.598533 0.085938 0.126389
0 0.697245 0.189144 0.076563 0.147222
0 0.764908 0.174333 0.044531 0.106944
0 0.629118 0.518979 0.088281 0.090278
0 0.812278 0.190479 0.060938 0.080556
0 0.637750 0.614740 0.109375 0.112500
0 0.594192 0.382692 0.061719 0.106944
0 0.562320 0.467976 0.040625 0.084722
0 0.809830 0.476306 0.096094 0.127778
0 0.885267 0.589887 0.142969 0.127778
0 0.776446 0.587822 0.110937 0.113889
0 0.714876 0.506132 0.082813 0.084722
0 0.184133 0.473362 0.117188 0.108333
0 0.319992 0.775548 0.080469 0.180556
0 0.502784 0.446243 0.071875 0.100000
0 0.419531 0.550694 0.073437 0.140278
0 0.357812 0.354861 0.100000 0.115278
0 0.440625 0.425694 0.054688 0.131944
