0 0.338214 0.377118 0.080469 0.141667
0 0.253397 0.459002 0.098438 0.144444
0 0.152147 0.596098 0.111719 0.141667
0 0.410681 0.468435 0.065625 0.101389
0 0.410162 0.325100 0.076563 0.133333
0 0.517653 0.429471 0.080469 0.150000
0 0.634696 0.374498 0.064844 0.084722
0 0.612505 0.617179 0.085938 0.126389
0 0.787945 0.491217 0.103906 0.111111
0 0.696927 0.187580 0.076563 0.147222
0 0.758129 0.175261 0.044531 0.106944
0 0.819832 0.591963 0.118750 0.095833
0 0.700800 0.528678 0.088281 0.090278
0 0.702819 0.616013 0.096875 0.118056
0 0.817509 0.171435 0.060938 0.080556
0 0.644159 0.442504 0.059375 0.054167
