0 0.697826 0.192018 0.076563 0.147222
0 0.754552 0.188528 0.044531 0.106944
0 0.802465 0.165694 0.060938 0.080556
0 0.549081 0.514120 0.082813 0.084722
0 0.159936 0.526622 0.100000 0.115278
0 0.047982 0.640950 0.092969 0.101389
0 0.385885 0.617539 0.078906 0.109722
0 0.470349 0.600394 0.082813 0.093056
0 0.575101 0.596055 0.104687 0.083333
0 0.730305 0.497593 0.092188 0.115278
0 0.700477 0.609330 0.119531 0.097222
0 0.627419 0.490100 0.079687 0.130556
0 0.869949 0.414663 0.158594 0.084722
0 0.262204 0.406738 0.106250 0.150000
0 0.374070 0.414696 0.058594 0.087500
0 0.448962 0.515177 0.051562 0.076389
0 0.380052 0.501492 0.043750 0.083333
0 0.834164 0.584977 0.124219 0.123611
