0 0.697375 0.189047 0.076563 0.147222
0 0.755130 0.174617 0.044531 0.106944
0 0.541676 0.518199 0.088281 0.090278
0 0.803322 0.166439 0.060938 0.080556
0 0.497451 0.393828 0.061719 0.106944
0 0.473843 0.478856 0.040625 0.084722
0 0.622688 0.514623 0.082813 0.084722
0 0.292480 0.394055 0.100000 0.115278
0 0.394485 0.424743 0.074219 0.143056
0 0.150405 0.451539 0.110156 0.097222
0 0.253433 0.483789 0.092969 0.101389
0 0.467655 0.641287 0.078906 0.109722
0 0.552069 0.613762 0.082813 0.093056
0 0.681758 0.596519 0.104687 0.083333
0 0.823407 0.485363 0.092188 0.115278
0 0.828930 0.598475 0.119531 0.097222
0 0.726067 0.506898 0.108594 0.155556
