0 0.697426 0.189513 0.076563 0.147222
0 0.757490 0.173703 0.044531 0.106944
0 0.497400 0.523404 0.088281 0.090278
0 0.803745 0.169737 0.060938 0.080556
0 0.404309 0.404882 0.061719 0.106944
0 0.607941 0.506251 0.082813 0.084722
0 0.215500 0.462631 0.100000 0.115278
0 0.300587 0.349872 0.074219 0.143056
0 0.122860 0.452059 0.092969 0.101389
0 0.436032 0.620073 0.078906 0.109722
0 0.530538 0.604596 0.082813 0.093056
0 0.669312 0.610793 0.104687 0.083333
0 0.815582 0.510315 0.092188 0.115278
0 0.808231 0.605195 0.119531 0.097222
0 0.941299 0.574903 0.105469 0.109722
0 0.716363 0.494114 0.079687 0.130556
0 0.424440 0.478258 0.042188 0.084722
