0 0.338268 0.377025 0.080469 0.141667
0 0.252844 0.459018 0.098438 0.144444
0 0.152202 0.596052 0.111719 0.141667
0 0.414516 0.474798 0.065625 0.101389
0 0.418848 0.310685 0.076563 0.133333
0 0.533911 0.472339 0.080469 0.150000
0 0.655053 0.384076 0.064844 0.084722
0 0.643463 0.457483 0.071875 0.058333
0 0.612499 0.616931 0.085938 0.126389
0 0.787973 0.491191 0.103906 0.111111
0 0.696700 0.187631 0.076563 0.147222
0 0.758000 0.175665 0.044531 0.106944
0 0.828408 0.579632 0.118750 0.095833
0 0.693294 0.517734 0.088281 0.090278
0 0.702788 0.616013 0.096875 0.118056
0 0.816508 0.170729 0.060938 0.080556
