0 0.400469 0.477501 0.065625 0.101389
0 0.404095 0.370444 0.076563 0.133333
0 0.506715 0.446957 0.080469 0.150000
0 0.544952 0.612870 0.085938 0.126389
0 0.697116 0.188545 0.076563 0.147222
0 0.766500 0.182019 0.044531 0.106944
0 0.629085 0.519014 0.088281 0.090278
0 0.806616 0.176676 0.060938 0.080556
0 0.645610 0.611922 0.109375 0.112500
0 0.175734 0.467572 0.115625 0.120833
0 0.594125 0.382805 0.061719 0.106944
0 0.329846 0.384809 0.085156 0.123611
0 0.566106 0.454172 0.040625 0.084722
0 0.809843 0.476688 0.096094 0.127778
0 0.879173 0.581103 0.142969 0.127778
0 0.770069 0.596450 0.110937 0.113889
0 0.714949 0.506173 0.082813 0.084722
