0 0.697445 0.189567 0.076563 0.147222
0 0.755778 0.175841 0.044531 0.106944
0 0.534746 0.511503 0.088281 0.090278
0 0.799603 0.166057 0.060938 0.080556
0 0.457502 0.387677 0.061719 0.106944
0 0.623578 0.503589 0.082813 0.084722
0 0.221887 0.447781 0.100000 0.115278
0 0.311512 0.350954 0.074219 0.143056
0 0.122869 0.452091 0.092969 0.101389
0 0.446093 0.645290 0.078906 0.109722
0 0.547280 0.612257 0.082813 0.093056
0 0.660592 0.593890 0.104687 0.083333
0 0.815638 0.510295 0.092188 0.115278
0 0.808753 0.605348 0.119531 0.097222
0 0.941121 0.579252 0.105469 0.109722
0 0.711679 0.490100 0.079687 0.130556
0 0.476562 0.475694 0.042188 0.084722
