0 0.697408 0.189446 0.076563 0.147222
0 0.753737 0.190007 0.044531 0.106944
0 0.464587 0.488673 0.088281 0.090278
0 0.802170 0.170222 0.060938 0.080556
0 0.395003 0.407563 0.061719 0.106944
0 0.549185 0.514347 0.082813 0.084722
0 0.215469 0.462460 0.100000 0.115278
0 0.300800 0.349875 0.074219 0.143056
0 0.122709 0.452036 0.092969 0.101389
0 0.397669 0.606670 0.078906 0.109722
0 0.462149 0.595373 0.082813 0.093056
0 0.627504 0.593335 0.104687 0.083333
0 0.815598 0.510286 0.092188 0.115278
0 0.799646 0.607942 0.119531 0.097222
0 0.937990 0.578141 0.105469 0.109722
0 0.648467 0.491588 0.079687 0.130556
0 0.384977 0.497924 0.042188 0.084722
0 0.241810 0.625494 0.142188 0.116667
