0 0.338197 0.377097 0.080469 0.141667
0 0.252916 0.458987 0.098438 0.144444
0 0.152526 0.595966 0.111719 0.141667
0 0.414498 0.475123 0.065625 0.101389
0 0.410205 0.324972 0.076563 0.133333
0 0.517610 0.429563 0.080469 0.150000
0 0.654977 0.384146 0.064844 0.084722
0 0.628613 0.440350 0.071875 0.058333
0 0.612593 0.616468 0.085938 0.126389
0 0.787981 0.491390 0.103906 0.111111
0 0.696830 0.187603 0.076563 0.147222
0 0.758153 0.175365 0.044531 0.106944
0 0.819840 0.591997 0.118750 0.095833
0 0.690413 0.501945 0.088281 0.090278
0 0.702794 0.615984 0.096875 0.118056
0 0.817208 0.175148 0.060938 0.080556
