0 0.697380 0.189471 0.076563 0.147222
0 0.757618 0.173912 0.044531 0.106944
0 0.497403 0.523485 0.088281 0.090278
0 0.804394 0.168994 0.060938 0.080556
0 0.394875 0.407490 0.061719 0.106944
0 0.607887 0.506185 0.082813 0.084722
0 0.215497 0.462754 0.100000 0.115278
0 0.300702 0.350013 0.074219 0.143056
0 0.122876 0.452067 0.092969 0.101389
0 0.419490 0.594320 0.078906 0.109722
0 0.526594 0.610838 0.082813 0.093056
0 0.669518 0.610598 0.104687 0.083333
0 0.815675 0.510240 0.092188 0.115278
0 0.808205 0.605729 0.119531 0.097222
0 0.941473 0.573107 0.105469 0.109722
0 0.716361 0.494122 0.079687 0.130556
0 0.409527 0.500372 0.042188 0.084722
