0 0.339056 0.389802 0.080469 0.141667
0 0.399621 0.477102 0.065625 0.101389
0 0.414904 0.340111 0.076563 0.133333
0 0.506834 0.446203 0.080469 0.150000
0 0.564588 0.595571 0.085938 0.126389
0 0.741923 0.502326 0.103906 0.111111
0 0.697087 0.187961 0.076563 0.147222
0 0.752198 0.176917 0.044531 0.106944
0 0.835170 0.586211 0.118750 0.095833
0 0.636757 0.517863 0.088281 0.090278
0 0.806863 0.168548 0.060938 0.080556
0 0.596853 0.382544 0.067188 0.106944
0 0.610379 0.460676 0.057813 0.070833
0 0.651946 0.611222 0.109375 0.112500
0 0.203932 0.478575 0.115625 0.120833
