0 0.396560 0.469577 0.065625 0.101389
0 0.414891 0.340088 0.076563 0.133333
0 0.506805 0.446529 0.080469 0.150000
0 0.551670 0.597667 0.085938 0.126389
0 0.697194 0.188008 0.076563 0.147222
0 0.760665 0.177585 0.044531 0.106944
0 0.634507 0.521705 0.088281 0.090278
0 0.806744 0.169997 0.060938 0.080556
0 0.645751 0.616050 0.109375 0.112500
0 0.199996 0.457572 0.115625 0.120833
0 0.594174 0.382693 0.061719 0.106944
0 0.329937 0.384934 0.085156 0.123611
0 0.568735 0.442277 0.040625 0.084722
0 0.809847 0.476547 0.096094 0.127778
0 0.879190 0.579449 0.142969 0.127778
0 0.771952 0.613886 0.110937 0.113889
0 0.714901 0.506255 0.082813 0.084722
