0 0.697378 0.189377 0.076563 0.147222
0 0.755098 0.174683 0.044531 0.106944
0 0.527563 0.481210 0.088281 0.090278
0 0.804334 0.178546 0.060938 0.080556
0 0.497394 0.393632 0.061719 0.106944
0 0.477726 0.469502 0.040625 0.084722
0 0.623613 0.503616 0.082813 0.084722
0 0.292426 0.393525 0.100000 0.115278
0 0.394487 0.424616 0.074219 0.143056
0 0.144946 0.498802 0.110156 0.097222
0 0.254637 0.481106 0.092969 0.101389
0 0.469588 0.624312 0.078906 0.109722
0 0.552052 0.613533 0.082813 0.093056
0 0.651292 0.595079 0.104687 0.083333
0 0.823481 0.485245 0.092188 0.115278
0 0.800220 0.609015 0.119531 0.097222
0 0.726046 0.506974 0.108594 0.155556
0 0.932376 0.573350 0.105469 0.109722
