0 0.378567 0.378977 0.080469 0.141667
0 0.306923 0.459954 0.098438 0.144444
0 0.152052 0.596138 0.111719 0.141667
0 0.428868 0.472124 0.065625 0.101389
0 0.466700 0.343805 0.076563 0.133333
0 0.545639 0.446225 0.080469 0.150000
0 0.654899 0.383823 0.064844 0.084722
0 0.653292 0.452590 0.071875 0.058333
0 0.612490 0.616940 0.085938 0.126389
0 0.787974 0.491205 0.103906 0.111111
0 0.696828 0.187935 0.076563 0.147222
0 0.756383 0.184431 0.044531 0.106944
0 0.799457 0.179171 0.049219 0.102778
0 0.824976 0.586662 0.118750 0.095833
0 0.690743 0.518794 0.088281 0.090278
0 0.712102 0.614713 0.096875 0.118056
