0 0.343817 0.351944 0.080469 0.141667
0 0.252944 0.458944 0.098438 0.144444
0 0.152115 0.596294 0.111719 0.141667
0 0.409829 0.479307 0.065625 0.101389
0 0.421980 0.323279 0.076563 0.133333
0 0.545689 0.446057 0.080469 0.150000
0 0.655000 0.384068 0.064844 0.084722
0 0.653251 0.452714 0.071875 0.058333
0 0.612466 0.616900 0.085938 0.126389
0 0.787984 0.491302 0.103906 0.111111
0 0.696822 0.187852 0.076563 0.147222
0 0.758091 0.175626 0.044531 0.106944
0 0.864100 0.574632 0.118750 0.095833
0 0.691051 0.518574 0.088281 0.090278
0 0.715913 0.617532 0.096875 0.118056
0 0.816467 0.174052 0.060938 0.080556
