0 0.697400 0.189345 0.076563 0.147222
0 0.755592 0.175233 0.044531 0.106944
0 0.535404 0.525268 0.088281 0.090278
0 0.797744 0.163229 0.060938 0.080556
0 0.478600 0.393455 0.061719 0.106944
0 0.623528 0.503666 0.082813 0.084722
0 0.227474 0.457300 0.100000 0.115278
0 0.335567 0.387000 0.074219 0.143056
0 0.122901 0.452057 0.092969 0.101389
0 0.442003 0.653490 0.078906 0.109722
0 0.547329 0.626187 0.082813 0.093056
0 0.660658 0.593926 0.104687 0.083333
0 0.817266 0.508882 0.092188 0.115278
0 0.808542 0.605715 0.119531 0.097222
0 0.941286 0.576043 0.105469 0.109722
0 0.486095 0.469401 0.044531 0.052778
0 0.715587 0.497140 0.079687 0.130556
