0 0.397955 0.481436 0.065625 0.101389
0 0.414927 0.340132 0.076563 0.133333
0 0.506834 0.446309 0.080469 0.150000
0 0.559729 0.608417 0.085938 0.126389
0 0.724814 0.502235 0.103906 0.111111
0 0.697128 0.188126 0.076563 0.147222
0 0.761454 0.178329 0.044531 0.106944
0 0.776172 0.581163 0.118750 0.095833
0 0.634536 0.521723 0.088281 0.090278
0 0.806855 0.168507 0.060938 0.080556
0 0.645873 0.615496 0.109375 0.112500
0 0.196130 0.457468 0.115625 0.120833
0 0.594113 0.382654 0.061719 0.106944
0 0.589488 0.454112 0.075781 0.044444
0 0.320450 0.355732 0.085156 0.123611
0 0.939844 0.594444 0.106250 0.111111
