0 0.320939 0.360477 0.080469 0.141667
0 0.398838 0.479371 0.065625 0.101389
0 0.414787 0.340025 0.076563 0.133333
0 0.506741 0.446288 0.080469 0.150000
0 0.564039 0.609520 0.085938 0.126389
0 0.733376 0.520335 0.103906 0.111111
0 0.697157 0.188215 0.076563 0.147222
0 0.754911 0.176888 0.044531 0.106944
0 0.815173 0.590739 0.118750 0.095833
0 0.634518 0.521640 0.088281 0.090278
0 0.806983 0.167935 0.060938 0.080556
0 0.645691 0.615967 0.109375 0.112500
0 0.196133 0.457314 0.115625 0.120833
0 0.594132 0.382726 0.061719 0.106944
0 0.610546 0.454138 0.075781 0.044444
