0 0.363796 0.343975 0.080469 0.141667
0 0.305194 0.468703 0.098438 0.144444
0 0.152090 0.595972 0.111719 0.141667
0 0.425755 0.483028 0.065625 0.101389
0 0.466549 0.343343 0.076563 0.133333
0 0.545672 0.446071 0.080469 0.150000
0 0.655017 0.384048 0.064844 0.084722
0 0.653250 0.452549 0.071875 0.058333
0 0.612511 0.616981 0.085938 0.126389
0 0.787983 0.491340 0.103906 0.111111
0 0.696834 0.187822 0.076563 0.147222
0 0.755993 0.186169 0.044531 0.106944
0 0.799559 0.178453 0.049219 0.102778
0 0.825109 0.586565 0.118750 0.095833
0 0.691735 0.517711 0.088281 0.090278
0 0.712077 0.614793 0.096875 0.118056
