0 0.530303 0.643998 0.085938 0.126389
0 0.697178 0.189285 0.076563 0.147222
0 0.755914 0.173167 0.044531 0.106944
0 0.628693 0.519684 0.088281 0.090278
0 0.801628 0.186115 0.060938 0.080556
0 0.637875 0.614662 0.109375 0.112500
0 0.539594 0.384174 0.061719 0.106944
0 0.551878 0.471987 0.040625 0.084722
0 0.809748 0.476546 0.096094 0.127778
0 0.885967 0.589985 0.142969 0.127778
0 0.769801 0.618780 0.110937 0.113889
0 0.718105 0.506359 0.082813 0.084722
0 0.292511 0.393483 0.100000 0.115278
0 0.308340 0.770881 0.081250 0.125000
0 0.453379 0.446513 0.074219 0.143056
0 0.247153 0.861243 0.051562 0.113889
0 0.170818 0.465443 0.110156 0.097222
0 0.245666 0.496058 0.092969 0.101389
