0 0.377694 0.360912 0.080469 0.141667
0 0.312216 0.479548 0.098438 0.144444
0 0.154298 0.571132 0.111719 0.141667
0 0.428435 0.473108 0.065625 0.101389
0 0.468148 0.331148 0.076563 0.133333
0 0.545684 0.445910 0.080469 0.150000
0 0.654996 0.383946 0.064844 0.084722
0 0.653285 0.452784 0.071875 0.058333
0 0.619529 0.629225 0.085938 0.126389
0 0.787192 0.495516 0.103906 0.111111
0 0.696879 0.187879 0.076563 0.147222
0 0.755793 0.183664 0.044531 0.106944
0 0.810840 0.169285 0.049219 0.102778
0 0.836925 0.592321 0.118750 0.095833
0 0.690694 0.517509 0.088281 0.090278
0 0.721610 0.621011 0.096875 0.118056
