0 0.697397 0.189470 0.076563 0.147222
0 0.754714 0.174309 0.044531 0.106944
0 0.541570 0.518176 0.088281 0.090278
0 0.804145 0.176272 0.060938 0.080556
0 0.497290 0.393778 0.061719 0.106944
0 0.473877 0.479058 0.040625 0.084722
0 0.623540 0.503667 0.082813 0.084722
0 0.292557 0.393820 0.100000 0.115278
0 0.394471 0.424604 0.074219 0.143056
0 0.150445 0.451561 0.110156 0.097222
0 0.253879 0.482142 0.092969 0.101389
0 0.462790 0.632312 0.078906 0.109722
0 0.551983 0.613557 0.082813 0.093056
0 0.651324 0.595072 0.104687 0.083333
0 0.823430 0.485236 0.092188 0.115278
0 0.799830 0.609733 0.119531 0.097222
0 0.726101 0.507106 0.108594 0.155556
0 0.957511 0.575998 0.105469 0.109722
