0 0.339026 0.389514 0.080469 0.141667
0 0.253430 0.458966 0.098438 0.144444
0 0.147564 0.612417 0.111719 0.141667
0 0.410375 0.473632 0.065625 0.101389
0 0.414854 0.340400 0.076563 0.133333
0 0.506827 0.446047 0.080469 0.150000
0 0.634676 0.374412 0.064844 0.084722
0 0.586694 0.606442 0.085938 0.126389
0 0.787970 0.491265 0.103906 0.111111
0 0.696870 0.187488 0.076563 0.147222
0 0.757985 0.174720 0.044531 0.106944
0 0.819787 0.592052 0.118750 0.095833
0 0.700742 0.528618 0.088281 0.090278
0 0.702847 0.615943 0.096875 0.118056
0 0.816946 0.168895 0.060938 0.080556
0 0.648828 0.456944 0.075781 0.055556
