0 0.697451 0.189194 0.076563 0.147222
0 0.755079 0.174672 0.044531 0.106944
0 0.527548 0.481199 0.088281 0.090278
0 0.804329 0.178475 0.060938 0.080556
0 0.497307 0.393763 0.061719 0.106944
0 0.474188 0.488639 0.040625 0.084722
0 0.623477 0.503760 0.082813 0.084722
0 0.292463 0.393820 0.100000 0.115278
0 0.394584 0.424673 0.074219 0.143056
0 0.144157 0.511287 0.110156 0.097222
0 0.245593 0.482362 0.092969 0.101389
0 0.464130 0.625585 0.078906 0.109722
0 0.552117 0.613605 0.082813 0.093056
0 0.661432 0.597795 0.104687 0.083333
0 0.823384 0.485148 0.092188 0.115278
0 0.800334 0.608554 0.119531 0.097222
0 0.726054 0.507038 0.108594 0.155556
0 0.932230 0.567676 0.105469 0.109722
