0 0.382149 0.475987 0.065625 0.101389
0 0.374870 0.335802 0.076563 0.133333
0 0.510686 0.460367 0.080469 0.150000
0 0.550151 0.600833 0.085938 0.126389
0 0.697189 0.189139 0.076563 0.147222
0 0.764646 0.174365 0.044531 0.106944
0 0.629178 0.519081 0.088281 0.090278
0 0.812248 0.193553 0.060938 0.080556
0 0.645634 0.612005 0.109375 0.112500
0 0.057295 0.676504 0.115625 0.120833
0 0.594181 0.382729 0.061719 0.106944
0 0.260772 0.436090 0.085156 0.123611
0 0.566123 0.454050 0.040625 0.084722
0 0.809811 0.476474 0.096094 0.127778
0 0.886211 0.590042 0.142969 0.127778
0 0.776222 0.601822 0.110937 0.113889
0 0.714880 0.506285 0.082813 0.084722
0 0.450021 0.448026 0.065625 0.116667
0 0.453170 0.283374 0.076563 0.136111
0 0.497266 0.170833 0.092969 0.133333
