0 0.371342 0.479630 0.065625 0.101389
0 0.374465 0.335797 0.076563 0.133333
0 0.546439 0.608704 0.085938 0.126389
0 0.697252 0.189116 0.076563 0.147222
0 0.764884 0.174326 0.044531 0.106944
0 0.629082 0.519011 0.088281 0.090278
0 0.810873 0.188580 0.060938 0.080556
0 0.637796 0.614648 0.109375 0.112500
0 0.594196 0.382722 0.061719 0.106944
0 0.562268 0.467937 0.040625 0.084722
0 0.809810 0.476633 0.096094 0.127778
0 0.884530 0.590647 0.142969 0.127778
0 0.773793 0.598441 0.110937 0.113889
0 0.715008 0.506239 0.082813 0.084722
0 0.487830 0.294195 0.092969 0.133333
0 0.199829 0.466270 0.117188 0.108333
0 0.410547 0.641667 0.080469 0.180556
0 0.450781 0.418056 0.050000 0.100000
0 0.510547 0.456250 0.060156 0.126389
