0 0.349681 0.338527 0.080469 0.141667
0 0.266256 0.471604 0.098438 0.144444
0 0.152008 0.596239 0.111719 0.141667
0 0.403487 0.475255 0.065625 0.101389
0 0.436847 0.344034 0.076563 0.133333
0 0.545714 0.446096 0.080469 0.150000
0 0.654961 0.384081 0.064844 0.084722
0 0.653255 0.452722 0.071875 0.058333
0 0.612483 0.616915 0.085938 0.126389
0 0.787997 0.491392 0.103906 0.111111
0 0.696788 0.187988 0.076563 0.147222
0 0.758050 0.175611 0.044531 0.106944
0 0.862922 0.576684 0.118750 0.095833
0 0.691359 0.518247 0.088281 0.090278
0 0.715944 0.617483 0.096875 0.118056
0 0.815934 0.167914 0.060938 0.080556
