0 0.697380 0.189259 0.076563 0.147222
0 0.755105 0.174360 0.044531 0.106944
0 0.541587 0.518342 0.088281 0.090278
0 0.804677 0.162949 0.060938 0.080556
0 0.497449 0.393911 0.061719 0.106944
0 0.473877 0.478815 0.040625 0.084722
0 0.623499 0.503691 0.082813 0.084722
0 0.292523 0.393725 0.100000 0.115278
0 0.394471 0.424791 0.074219 0.143056
0 0.150391 0.451489 0.110156 0.097222
0 0.253787 0.483421 0.092969 0.101389
0 0.460185 0.639594 0.078906 0.109722
0 0.551992 0.613724 0.082813 0.093056
0 0.651287 0.595079 0.104687 0.083333
0 0.823467 0.485461 0.092188 0.115278
0 0.828829 0.598781 0.119531 0.097222
0 0.726042 0.506905 0.108594 0.155556
