0 0.391728 0.445773 0.065625 0.101389
0 0.395373 0.339606 0.076563 0.133333
0 0.506659 0.447212 0.080469 0.150000
0 0.543204 0.610768 0.085938 0.126389
0 0.697104 0.188682 0.076563 0.147222
0 0.763983 0.169969 0.044531 0.106944
0 0.629111 0.518951 0.088281 0.090278
0 0.806526 0.177318 0.060938 0.080556
0 0.645536 0.611813 0.109375 0.112500
0 0.182780 0.541321 0.115625 0.120833
0 0.594208 0.382791 0.061719 0.106944
0 0.325230 0.389375 0.085156 0.123611
0 0.566125 0.454169 0.040625 0.084722
0 0.809749 0.476547 0.096094 0.127778
0 0.878974 0.579822 0.142969 0.127778
0 0.770689 0.595178 0.110937 0.113889
0 0.714935 0.506158 0.082813 0.084722
0 0.490234 0.093750 0.061719 0.184722
