0 0.697407 0.189605 0.076563 0.147222
0 0.754283 0.188430 0.044531 0.106944
0 0.802489 0.166337 0.060938 0.080556
0 0.549161 0.514186 0.082813 0.084722
0 0.162388 0.511309 0.100000 0.115278
0 0.048550 0.611504 0.092969 0.101389
0 0.382679 0.607530 0.078906 0.109722
0 0.470418 0.600368 0.082813 0.093056
0 0.576158 0.582372 0.104687 0.083333
0 0.730328 0.497789 0.092188 0.115278
0 0.700311 0.608604 0.119531 0.097222
0 0.627551 0.490122 0.079687 0.130556
0 0.869967 0.414725 0.158594 0.084722
0 0.275147 0.407157 0.106250 0.150000
0 0.391592 0.400740 0.058594 0.087500
0 0.449004 0.515258 0.051562 0.076389
0 0.384541 0.502939 0.043750 0.083333
0 0.855359 0.580604 0.124219 0.123611
0 0.442578 0.081944 0.091406 0.144444
