0 0.363734 0.343936 0.080469 0.141667
0 0.266364 0.471689 0.098438 0.144444
0 0.151915 0.595909 0.111719 0.141667
0 0.420124 0.491373 0.065625 0.101389
0 0.436910 0.344129 0.076563 0.133333
0 0.545698 0.445950 0.080469 0.150000
0 0.655013 0.384180 0.064844 0.084722
0 0.653241 0.452634 0.071875 0.058333
0 0.612514 0.616910 0.085938 0.126389
0 0.787914 0.491268 0.103906 0.111111
0 0.696821 0.187999 0.076563 0.147222
0 0.762066 0.195725 0.044531 0.106944
0 0.797344 0.202584 0.049219 0.102778
0 0.862041 0.577730 0.118750 0.095833
0 0.691016 0.517918 0.088281 0.090278
0 0.716009 0.617574 0.096875 0.118056
