0 0.697449 0.189682 0.076563 0.147222
0 0.753990 0.189126 0.044531 0.106944
0 0.459162 0.505351 0.088281 0.090278
0 0.801190 0.168923 0.060938 0.080556
0 0.425613 0.417546 0.061719 0.106944
0 0.549165 0.514144 0.082813 0.084722
0 0.209943 0.478207 0.100000 0.115278
0 0.300639 0.350085 0.074219 0.143056
0 0.116524 0.488115 0.092969 0.101389
0 0.387852 0.601778 0.078906 0.109722
0 0.466073 0.597189 0.082813 0.093056
0 0.585091 0.603156 0.104687 0.083333
0 0.770236 0.499259 0.092188 0.115278
0 0.747198 0.603162 0.119531 0.097222
0 0.932208 0.576791 0.105469 0.109722
0 0.635211 0.474822 0.079687 0.130556
0 0.334251 0.467787 0.085156 0.130556
0 0.399219 0.505556 0.048437 0.072222
0 0.919141 0.404861 0.158594 0.084722
