0 0.377765 0.360955 0.080469 0.141667
0 0.312423 0.479516 0.098438 0.144444
0 0.151994 0.596132 0.111719 0.141667
0 0.428745 0.472154 0.065625 0.101389
0 0.468178 0.331148 0.076563 0.133333
0 0.545761 0.445721 0.080469 0.150000
0 0.654972 0.383954 0.064844 0.084722
0 0.653247 0.452697 0.071875 0.058333
0 0.612481 0.616857 0.085938 0.126389
0 0.787153 0.495486 0.103906 0.111111
0 0.696995 0.187886 0.076563 0.147222
0 0.755654 0.184110 0.044531 0.106944
0 0.809068 0.177664 0.049219 0.102778
0 0.840638 0.581836 0.118750 0.095833
0 0.690356 0.520085 0.088281 0.090278
0 0.721518 0.621394 0.096875 0.118056
