0 0.408822 0.487935 0.065625 0.101389
0 0.402340 0.367722 0.076563 0.133333
0 0.506757 0.446660 0.080469 0.150000
0 0.554589 0.601595 0.085938 0.126389
0 0.697096 0.188298 0.076563 0.147222
0 0.761298 0.177947 0.044531 0.106944
0 0.634577 0.521793 0.088281 0.090278
0 0.806589 0.174972 0.060938 0.080556
0 0.645770 0.615994 0.109375 0.112500
0 0.175720 0.467590 0.115625 0.120833
0 0.594189 0.382723 0.061719 0.106944
0 0.329619 0.384819 0.085156 0.123611
0 0.568741 0.442312 0.040625 0.084722
0 0.809792 0.476569 0.096094 0.127778
0 0.878369 0.580908 0.142969 0.127778
0 0.766619 0.601898 0.110937 0.113889
0 0.714865 0.506245 0.082813 0.084722
