0 0.338258 0.376972 0.080469 0.141667
0 0.252834 0.459027 0.098438 0.144444
0 0.152325 0.595672 0.111719 0.141667
0 0.414216 0.474670 0.065625 0.101389
0 0.418825 0.310792 0.076563 0.133333
0 0.533938 0.472266 0.080469 0.150000
0 0.654949 0.384106 0.064844 0.084722
0 0.653258 0.452606 0.071875 0.058333
0 0.612477 0.616986 0.085938 0.126389
0 0.787919 0.491343 0.103906 0.111111
0 0.696761 0.187770 0.076563 0.147222
0 0.758022 0.175360 0.044531 0.106944
0 0.828414 0.579631 0.118750 0.095833
0 0.693651 0.523421 0.088281 0.090278
0 0.702766 0.616009 0.096875 0.118056
0 0.816263 0.171448 0.060938 0.080556
