0 0.377702 0.361162 0.080469 0.141667
0 0.308658 0.490288 0.098438 0.144444
0 0.181562 0.575168 0.111719 0.141667
0 0.432434 0.474520 0.065625 0.101389
0 0.472607 0.366679 0.076563 0.133333
0 0.564408 0.438879 0.080469 0.150000
0 0.655019 0.384103 0.064844 0.084722
0 0.653163 0.452781 0.071875 0.058333
0 0.702255 0.529391 0.077344 0.091667
0 0.725775 0.629308 0.084375 0.102778
0 0.628987 0.626399 0.085938 0.126389
0 0.791123 0.502459 0.103906 0.111111
0 0.696909 0.186580 0.076563 0.147222
0 0.757701 0.186160 0.044531 0.106944
0 0.798778 0.179908 0.049219 0.102778
0 0.062662 0.648872 0.108594 0.098611
0 0.856649 0.598195 0.118750 0.095833
