0 0.697269 0.189303 0.076563 0.147222
0 0.755000 0.176295 0.044531 0.106944
0 0.573735 0.505662 0.088281 0.090278
0 0.803630 0.166118 0.060938 0.080556
0 0.503690 0.406195 0.061719 0.106944
0 0.494220 0.475032 0.040625 0.084722
0 0.769153 0.497233 0.096094 0.127778
0 0.874592 0.582854 0.142969 0.127778
0 0.665005 0.511742 0.082813 0.084722
0 0.292504 0.393734 0.100000 0.115278
0 0.400208 0.447917 0.074219 0.143056
0 0.170780 0.465349 0.110156 0.097222
0 0.252574 0.484893 0.092969 0.101389
0 0.488555 0.644050 0.078906 0.109722
0 0.569982 0.619881 0.082813 0.093056
0 0.739135 0.612295 0.104687 0.083333
