0 0.377790 0.361037 0.080469 0.141667
0 0.312518 0.479593 0.098438 0.144444
0 0.168140 0.583745 0.111719 0.141667
0 0.428281 0.474490 0.065625 0.101389
0 0.468060 0.331059 0.076563 0.133333
0 0.545668 0.445776 0.080469 0.150000
0 0.654952 0.383998 0.064844 0.084722
0 0.653176 0.452630 0.071875 0.058333
0 0.602479 0.624798 0.085938 0.126389
0 0.787238 0.495580 0.103906 0.111111
0 0.697123 0.188144 0.076563 0.147222
0 0.755411 0.183995 0.044531 0.106944
0 0.809763 0.169426 0.049219 0.102778
0 0.064501 0.646627 0.108594 0.098611
0 0.847260 0.573879 0.118750 0.095833
0 0.692740 0.517856 0.088281 0.090278
0 0.703165 0.625569 0.096875 0.118056
