0 0.316813 0.472514 0.065625 0.101389
0 0.532038 0.605634 0.085938 0.126389
0 0.697241 0.189234 0.076563 0.147222
0 0.765044 0.173652 0.044531 0.106944
0 0.632571 0.514878 0.088281 0.090278
0 0.807476 0.187304 0.060938 0.080556
0 0.637844 0.614701 0.109375 0.112500
0 0.560625 0.364671 0.061719 0.106944
0 0.552228 0.464214 0.040625 0.084722
0 0.809783 0.476505 0.096094 0.127778
0 0.885503 0.589847 0.142969 0.127778
0 0.769189 0.599670 0.110937 0.113889
0 0.714924 0.506381 0.082813 0.084722
0 0.177911 0.474824 0.117188 0.108333
0 0.277570 0.794090 0.080469 0.180556
0 0.498038 0.462840 0.071875 0.100000
0 0.344733 0.372876 0.100000 0.115278
0 0.394567 0.530756 0.081250 0.125000
0 0.371484 0.674306 0.078906 0.123611
