0 0.395884 0.482196 0.065625 0.101389
0 0.414855 0.340019 0.076563 0.133333
0 0.506821 0.446397 0.080469 0.150000
0 0.552058 0.601071 0.085938 0.126389
0 0.724733 0.502175 0.103906 0.111111
0 0.697140 0.188250 0.076563 0.147222
0 0.761698 0.178561 0.044531 0.106944
0 0.762278 0.600228 0.118750 0.095833
0 0.634574 0.521917 0.088281 0.090278
0 0.806868 0.168450 0.060938 0.080556
0 0.645776 0.616072 0.109375 0.112500
0 0.196070 0.457454 0.115625 0.120833
0 0.594194 0.382702 0.061719 0.106944
0 0.320601 0.355804 0.085156 0.123611
0 0.568812 0.442272 0.040625 0.084722
0 0.816797 0.470833 0.096094 0.127778
0 0.916797 0.590278 0.142969 0.127778
