0 0.329502 0.378450 0.080469 0.141667
0 0.399274 0.477434 0.065625 0.101389
0 0.414872 0.340016 0.076563 0.133333
0 0.506874 0.446513 0.080469 0.150000
0 0.547410 0.590040 0.085938 0.126389
0 0.733353 0.520347 0.103906 0.111111
0 0.697085 0.188157 0.076563 0.147222
0 0.747760 0.177576 0.044531 0.106944
0 0.815182 0.590734 0.118750 0.095833
0 0.634480 0.521778 0.088281 0.090278
0 0.806989 0.167969 0.060938 0.080556
0 0.645687 0.616230 0.109375 0.112500
0 0.196088 0.457516 0.115625 0.120833
0 0.594147 0.382721 0.061719 0.106944
0 0.610526 0.454197 0.075781 0.044444
