0 0.697469 0.189570 0.076563 0.147222
0 0.753966 0.189480 0.044531 0.106944
0 0.459174 0.505375 0.088281 0.090278
0 0.801175 0.168966 0.060938 0.080556
0 0.425633 0.417313 0.061719 0.106944
0 0.549103 0.514217 0.082813 0.084722
0 0.209944 0.478451 0.100000 0.115278
0 0.300605 0.349897 0.074219 0.143056
0 0.116521 0.488106 0.092969 0.101389
0 0.383596 0.603341 0.078906 0.109722
0 0.462157 0.597958 0.082813 0.093056
0 0.585230 0.603098 0.104687 0.083333
0 0.770242 0.499215 0.092188 0.115278
0 0.757167 0.599655 0.119531 0.097222
0 0.940118 0.573159 0.105469 0.109722
0 0.635212 0.474789 0.079687 0.130556
0 0.395262 0.504827 0.042188 0.084722
0 0.296455 0.518199 0.085156 0.130556
