0 0.338956 0.389551 0.080469 0.141667
0 0.253406 0.458881 0.098438 0.144444
0 0.147057 0.611350 0.111719 0.141667
0 0.400004 0.476399 0.065625 0.101389
0 0.414885 0.340261 0.076563 0.133333
0 0.506864 0.445915 0.080469 0.150000
0 0.619883 0.393734 0.064844 0.084722
0 0.574353 0.610576 0.085938 0.126389
0 0.787946 0.491273 0.103906 0.111111
0 0.696842 0.187414 0.076563 0.147222
0 0.758116 0.175553 0.044531 0.106944
0 0.835670 0.578518 0.118750 0.095833
0 0.688328 0.536864 0.088281 0.090278
0 0.676101 0.618362 0.096875 0.118056
0 0.815250 0.163238 0.060938 0.080556
0 0.650345 0.452396 0.075781 0.055556
