0 0.537395 0.632029 0.085938 0.126389
0 0.697234 0.189354 0.076563 0.147222
0 0.755836 0.173160 0.044531 0.106944
0 0.628775 0.519566 0.088281 0.090278
0 0.801970 0.186254 0.060938 0.080556
0 0.637848 0.614796 0.109375 0.112500
0 0.539562 0.384258 0.061719 0.106944
0 0.551822 0.472034 0.040625 0.084722
0 0.809803 0.476340 0.096094 0.127778
0 0.885406 0.590295 0.142969 0.127778
0 0.769166 0.615793 0.110937 0.113889
0 0.718064 0.506215 0.082813 0.084722
0 0.299633 0.357410 0.100000 0.115278
0 0.320784 0.769499 0.081250 0.125000
0 0.457417 0.438148 0.074219 0.143056
0 0.258733 0.793272 0.051562 0.113889
0 0.170743 0.465382 0.110156 0.097222
0 0.267729 0.505169 0.092969 0.101389
