0 0.326656 0.467939 0.065625 0.101389
0 0.542704 0.603674 0.085938 0.126389
0 0.697241 0.189330 0.076563 0.147222
0 0.764889 0.174275 0.044531 0.106944
0 0.621074 0.508253 0.088281 0.090278
0 0.810984 0.191608 0.060938 0.080556
0 0.637839 0.614704 0.109375 0.112500
0 0.581661 0.379953 0.061719 0.106944
0 0.552920 0.466700 0.040625 0.084722
0 0.809855 0.476464 0.096094 0.127778
0 0.885279 0.589880 0.142969 0.127778
0 0.760852 0.599131 0.110937 0.113889
0 0.714907 0.506254 0.082813 0.084722
0 0.184161 0.473429 0.117188 0.108333
0 0.297341 0.795690 0.080469 0.180556
0 0.498034 0.462853 0.071875 0.100000
0 0.400558 0.638395 0.073437 0.140278
0 0.352378 0.370281 0.100000 0.115278
0 0.423438 0.480556 0.081250 0.125000
