0 0.697367 0.189460 0.076563 0.147222
0 0.755553 0.175479 0.044531 0.106944
0 0.540138 0.514219 0.088281 0.090278
0 0.803044 0.165194 0.060938 0.080556
0 0.478603 0.393268 0.061719 0.106944
0 0.623468 0.503599 0.082813 0.084722
0 0.262652 0.468423 0.100000 0.115278
0 0.391801 0.396218 0.074219 0.143056
0 0.069919 0.624638 0.110156 0.097222
0 0.167409 0.461672 0.092969 0.101389
0 0.450953 0.636957 0.078906 0.109722
0 0.542416 0.612711 0.082813 0.093056
0 0.661199 0.597905 0.104687 0.083333
0 0.817191 0.508897 0.092188 0.115278
0 0.808504 0.604869 0.119531 0.097222
0 0.942975 0.580746 0.105469 0.109722
0 0.485528 0.475149 0.044531 0.052778
0 0.729666 0.526213 0.079687 0.130556
