0 0.697377 0.189259 0.076563 0.147222
0 0.756573 0.171196 0.044531 0.106944
0 0.481902 0.506913 0.088281 0.090278
0 0.803866 0.169470 0.060938 0.080556
0 0.394945 0.407695 0.061719 0.106944
0 0.590665 0.528331 0.082813 0.084722
0 0.215502 0.462785 0.100000 0.115278
0 0.300546 0.349805 0.074219 0.143056
0 0.122760 0.452022 0.092969 0.101389
0 0.394397 0.609381 0.078906 0.109722
0 0.485004 0.602430 0.082813 0.093056
0 0.666708 0.591864 0.104687 0.083333
0 0.815651 0.510206 0.092188 0.115278
0 0.808321 0.606576 0.119531 0.097222
0 0.941738 0.575739 0.105469 0.109722
0 0.691361 0.491383 0.079687 0.130556
0 0.391962 0.499695 0.042188 0.084722
0 0.104858 0.656743 0.115625 0.090278
