0 0.363805 0.343920 0.080469 0.141667
0 0.305059 0.468528 0.098438 0.144444
0 0.152005 0.596187 0.111719 0.141667
0 0.425804 0.482957 0.065625 0.101389
0 0.466645 0.343795 0.076563 0.133333
0 0.545695 0.446032 0.080469 0.150000
0 0.654964 0.384190 0.064844 0.084722
0 0.653269 0.452563 0.071875 0.058333
0 0.612517 0.616906 0.085938 0.126389
0 0.788008 0.491304 0.103906 0.111111
0 0.696856 0.188170 0.076563 0.147222
0 0.756537 0.188227 0.044531 0.106944
0 0.797525 0.189560 0.049219 0.102778
0 0.825052 0.586649 0.118750 0.095833
0 0.691829 0.520961 0.088281 0.090278
0 0.712132 0.614760 0.096875 0.118056
