0 0.697396 0.189403 0.076563 0.147222
0 0.755798 0.175244 0.044531 0.106944
0 0.538473 0.522874 0.088281 0.090278
0 0.801220 0.174980 0.060938 0.080556
0 0.478675 0.393300 0.061719 0.106944
0 0.623624 0.503608 0.082813 0.084722
0 0.260988 0.404487 0.100000 0.115278
0 0.391821 0.396033 0.074219 0.143056
0 0.081382 0.611373 0.110156 0.097222
0 0.185370 0.469747 0.092969 0.101389
0 0.460180 0.632381 0.078906 0.109722
0 0.548007 0.604195 0.082813 0.093056
0 0.661175 0.598016 0.104687 0.083333
0 0.817105 0.508919 0.092188 0.115278
0 0.808671 0.605183 0.119531 0.097222
0 0.939901 0.580209 0.105469 0.109722
0 0.485529 0.474963 0.044531 0.052778
0 0.729740 0.526262 0.079687 0.130556
