0 0.363764 0.343962 0.080469 0.141667
0 0.266212 0.471620 0.098438 0.144444
0 0.151955 0.596269 0.111719 0.141667
0 0.411866 0.494474 0.065625 0.101389
0 0.436950 0.344065 0.076563 0.133333
0 0.545747 0.446146 0.080469 0.150000
0 0.654954 0.384071 0.064844 0.084722
0 0.653282 0.452562 0.071875 0.058333
0 0.612526 0.616924 0.085938 0.126389
0 0.787918 0.491279 0.103906 0.111111
0 0.696791 0.187644 0.076563 0.147222
0 0.757949 0.175451 0.044531 0.106944
0 0.862205 0.578190 0.118750 0.095833
0 0.691303 0.518511 0.088281 0.090278
0 0.715971 0.617427 0.096875 0.118056
0 0.815625 0.169444 0.060938 0.080556
