0 0.338956 0.389719 0.080469 0.141667
0 0.253537 0.458923 0.098438 0.144444
0 0.146985 0.610720 0.111719 0.141667
0 0.400887 0.474923 0.065625 0.101389
0 0.414944 0.340387 0.076563 0.133333
0 0.506807 0.446072 0.080469 0.150000
0 0.619909 0.393692 0.064844 0.084722
0 0.574274 0.610607 0.085938 0.126389
0 0.787919 0.491249 0.103906 0.111111
0 0.696998 0.187995 0.076563 0.147222
0 0.758155 0.175569 0.044531 0.106944
0 0.833440 0.584235 0.118750 0.095833
0 0.675804 0.518922 0.088281 0.090278
0 0.675798 0.621238 0.096875 0.118056
0 0.818127 0.158052 0.060938 0.080556
0 0.650352 0.452321 0.075781 0.055556
