0 0.697371 0.189110 0.076563 0.147222
0 0.754078 0.182848 0.044531 0.106944
0 0.481857 0.506770 0.088281 0.090278
0 0.804310 0.169990 0.060938 0.080556
0 0.395129 0.407625 0.061719 0.106944
0 0.590594 0.528239 0.082813 0.084722
0 0.215495 0.463027 0.100000 0.115278
0 0.300838 0.349837 0.074219 0.143056
0 0.122771 0.452018 0.092969 0.101389
0 0.395047 0.614203 0.078906 0.109722
0 0.480056 0.608807 0.082813 0.093056
0 0.666413 0.593614 0.104687 0.083333
0 0.815594 0.510273 0.092188 0.115278
0 0.808046 0.606695 0.119531 0.097222
0 0.941241 0.574557 0.105469 0.109722
0 0.691323 0.491419 0.079687 0.130556
0 0.389313 0.505336 0.042188 0.084722
0 0.169531 0.655556 0.142188 0.116667
