0 0.697399 0.189283 0.076563 0.147222
0 0.755252 0.175315 0.044531 0.106944
0 0.538582 0.522764 0.088281 0.090278
0 0.804034 0.174051 0.060938 0.080556
0 0.478666 0.393340 0.061719 0.106944
0 0.623535 0.503545 0.082813 0.084722
0 0.261003 0.404498 0.100000 0.115278
0 0.394641 0.424710 0.074219 0.143056
0 0.095228 0.575350 0.110156 0.097222
0 0.185418 0.470052 0.092969 0.101389
0 0.464517 0.635001 0.078906 0.109722
0 0.547984 0.604314 0.082813 0.093056
0 0.661390 0.597817 0.104687 0.083333
0 0.817207 0.508785 0.092188 0.115278
0 0.808465 0.605437 0.119531 0.097222
0 0.923812 0.582296 0.105469 0.109722
0 0.485545 0.475012 0.044531 0.052778
0 0.729688 0.526389 0.079687 0.130556
