0 0.697265 0.189116 0.076563 0.147222
0 0.755123 0.174418 0.044531 0.106944
0 0.541720 0.518261 0.088281 0.090278
0 0.803395 0.167680 0.060938 0.080556
0 0.503576 0.406349 0.061719 0.106944
0 0.474620 0.499189 0.040625 0.084722
0 0.622622 0.533991 0.082813 0.084722
0 0.292610 0.393717 0.100000 0.115278
0 0.400102 0.448214 0.074219 0.143056
0 0.170782 0.465402 0.110156 0.097222
0 0.253029 0.483883 0.092969 0.101389
0 0.469971 0.624186 0.078906 0.109722
0 0.552165 0.613456 0.082813 0.093056
0 0.681045 0.611727 0.104687 0.083333
0 0.823397 0.485483 0.092188 0.115278
0 0.829030 0.597930 0.119531 0.097222
0 0.714464 0.516630 0.108594 0.155556
