0 0.377721 0.361173 0.080469 0.141667
0 0.312419 0.479936 0.098438 0.144444
0 0.176985 0.594579 0.111719 0.141667
0 0.431949 0.476204 0.065625 0.101389
0 0.472691 0.366647 0.076563 0.133333
0 0.545683 0.445930 0.080469 0.150000
0 0.655034 0.384052 0.064844 0.084722
0 0.653179 0.452629 0.071875 0.058333
0 0.589267 0.633362 0.085938 0.126389
0 0.787183 0.495746 0.103906 0.111111
0 0.696949 0.186916 0.076563 0.147222
0 0.755552 0.183676 0.044531 0.106944
0 0.808778 0.176633 0.049219 0.102778
0 0.063591 0.646640 0.108594 0.098611
0 0.847261 0.573956 0.118750 0.095833
0 0.692658 0.520043 0.088281 0.090278
0 0.703162 0.625554 0.096875 0.118056
