0 0.397205 0.481321 0.065625 0.101389
0 0.414884 0.339963 0.076563 0.133333
0 0.506845 0.446366 0.080469 0.150000
0 0.552972 0.614037 0.085938 0.126389
0 0.724780 0.502211 0.103906 0.111111
0 0.697085 0.188049 0.076563 0.147222
0 0.761693 0.178453 0.044531 0.106944
0 0.762186 0.600645 0.118750 0.095833
0 0.634657 0.521770 0.088281 0.090278
0 0.806866 0.168394 0.060938 0.080556
0 0.645790 0.615852 0.109375 0.112500
0 0.196120 0.457536 0.115625 0.120833
0 0.594166 0.382730 0.061719 0.106944
0 0.320455 0.355569 0.085156 0.123611
0 0.571094 0.454861 0.040625 0.084722
0 0.933594 0.592361 0.125000 0.109722
