0 0.697283 0.189190 0.076563 0.147222
0 0.755204 0.174796 0.044531 0.106944
0 0.541627 0.518391 0.088281 0.090278
0 0.803624 0.167952 0.060938 0.080556
0 0.497349 0.393763 0.061719 0.106944
0 0.473810 0.478824 0.040625 0.084722
0 0.622684 0.514569 0.082813 0.084722
0 0.292547 0.393683 0.100000 0.115278
0 0.394575 0.424698 0.074219 0.143056
0 0.170769 0.465306 0.110156 0.097222
0 0.253337 0.483864 0.092969 0.101389
0 0.463776 0.640510 0.078906 0.109722
0 0.552047 0.613552 0.082813 0.093056
0 0.681754 0.596497 0.104687 0.083333
0 0.823481 0.485398 0.092188 0.115278
0 0.829064 0.597915 0.119531 0.097222
0 0.726073 0.506938 0.108594 0.155556
