0 0.339049 0.389506 0.080469 0.141667
0 0.253464 0.458983 0.098438 0.144444
0 0.147219 0.611660 0.111719 0.141667
0 0.399530 0.478680 0.065625 0.101389
0 0.414864 0.340248 0.076563 0.133333
0 0.506920 0.446147 0.080469 0.150000
0 0.619858 0.393841 0.064844 0.084722
0 0.574419 0.610835 0.085938 0.126389
0 0.787975 0.491385 0.103906 0.111111
0 0.696912 0.187600 0.076563 0.147222
0 0.758093 0.175325 0.044531 0.106944
0 0.835395 0.578192 0.118750 0.095833
0 0.688316 0.536965 0.088281 0.090278
0 0.681760 0.617387 0.096875 0.118056
0 0.817450 0.159787 0.060938 0.080556
0 0.649568 0.459327 0.075781 0.055556
