0 0.693104 0.351305 0.104687 0.145833
0 0.686644 0.466808 0.105469 0.094444
0 0.766757 0.605611 0.089062 0.081944
0 0.559873 0.390505 0.067188 0.109722
0 0.448811 0.510651 0.051562 0.108333
0 0.355099 0.575042 0.067188 0.102778
0 0.227295 0.637334 0.103906 0.109722
0 0.098978 0.604608 0.148438 0.120833
0 0.087455 0.199422 0.072656 0.100000
0 0.238374 0.530929 0.111719 0.115278
0 0.836367 0.439138 0.100781 0.125000
0 0.950937 0.437972 0.095312 0.095833
0 0.358033 0.385902 0.096875 0.111111
0 0.651496 0.646098 0.095312 0.134722
0 0.752544 0.192046 0.110937 0.190278
0 0.495680 0.457745 0.064844 0.129167
0 0.572241 0.496703 0.088281 0.108333
