0 0.708622 0.351429 0.104687 0.145833
0 0.697252 0.449577 0.105469 0.094444
0 0.758123 0.601747 0.089062 0.081944
0 0.559944 0.390454 0.067188 0.109722
0 0.592926 0.491950 0.096094 0.098611
0 0.444154 0.522609 0.051562 0.108333
0 0.352717 0.581483 0.067188 0.102778
0 0.227207 0.630786 0.103906 0.109722
0 0.100223 0.602457 0.148438 0.120833
0 0.085489 0.192368 0.072656 0.100000
0 0.238416 0.530900 0.111719 0.115278
0 0.836426 0.439083 0.100781 0.125000
0 0.950856 0.438181 0.095312 0.095833
0 0.361419 0.449692 0.096875 0.111111
0 0.682457 0.672801 0.095312 0.134722
0 0.752881 0.194228 0.110937 0.190278
0 0.495723 0.457770 0.064844 0.129167
