0 0.741966 0.209383 0.092188 0.148611
0 0.753148 0.360435 0.104687 0.145833
0 0.787477 0.465887 0.105469 0.094444
0 0.687713 0.671992 0.096875 0.144444
0 0.755506 0.578453 0.089062 0.081944
0 0.624641 0.404594 0.067188 0.109722
0 0.629362 0.515398 0.096094 0.098611
0 0.501623 0.530478 0.051562 0.108333
0 0.396168 0.565906 0.067188 0.102778
0 0.247850 0.634077 0.103906 0.109722
0 0.117827 0.614362 0.148438 0.120833
0 0.073728 0.182156 0.072656 0.100000
0 0.266413 0.512731 0.111719 0.115278
0 0.868280 0.483562 0.100781 0.125000
0 0.950807 0.438101 0.095312 0.095833
0 0.576627 0.207551 0.084375 0.138889
0 0.395223 0.457878 0.096875 0.111111
0 0.536328 0.452083 0.092969 0.104167
