0 0.409070 0.415638 0.067188 0.109722
0 0.053397 0.626826 0.103906 0.109722
0 0.073391 0.189469 0.072656 0.100000
0 0.198586 0.459058 0.096875 0.111111
0 0.568068 0.620907 0.095312 0.134722
0 0.340663 0.438189 0.064844 0.129167
0 0.418192 0.513321 0.088281 0.108333
0 0.180534 0.599734 0.092188 0.105556
0 0.682942 0.444507 0.110937 0.140278
0 0.844692 0.417688 0.114844 0.102778
0 0.767465 0.215876 0.085938 0.138889
0 0.525045 0.383353 0.078125 0.113889
0 0.301718 0.543296 0.078906 0.102778
0 0.829297 0.537500 0.133594 0.108333
0 0.653516 0.563194 0.089844 0.106944
0 0.574609 0.484028 0.078906 0.120833
