0 0.755189 0.191195 0.092188 0.148611
0 0.753130 0.360492 0.104687 0.145833
0 0.745281 0.466682 0.105469 0.094444
0 0.757494 0.601878 0.089062 0.081944
0 0.596697 0.401136 0.067188 0.109722
0 0.619130 0.496711 0.096094 0.098611
0 0.452030 0.520047 0.051562 0.108333
0 0.356399 0.583975 0.067188 0.102778
0 0.234005 0.648444 0.103906 0.109722
0 0.109109 0.616793 0.148438 0.120833
0 0.072096 0.189538 0.072656 0.100000
0 0.252354 0.536401 0.111719 0.115278
0 0.864462 0.465590 0.100781 0.125000
0 0.950812 0.438160 0.095312 0.095833
0 0.361401 0.449650 0.096875 0.111111
0 0.508045 0.426955 0.092969 0.104167
0 0.685660 0.653584 0.095312 0.134722
