0 0.708695 0.351486 0.104687 0.145833
0 0.699129 0.440903 0.105469 0.094444
0 0.766736 0.608765 0.089062 0.081944
0 0.559937 0.390507 0.067188 0.109722
0 0.577599 0.492631 0.096094 0.098611
0 0.444169 0.522754 0.051562 0.108333
0 0.352951 0.578976 0.067188 0.102778
0 0.232819 0.634977 0.103906 0.109722
0 0.099052 0.603276 0.148438 0.120833
0 0.084744 0.191655 0.072656 0.100000
0 0.238395 0.530870 0.111719 0.115278
0 0.836399 0.439022 0.100781 0.125000
0 0.950867 0.438176 0.095312 0.095833
0 0.361442 0.449633 0.096875 0.111111
0 0.693400 0.674500 0.095312 0.134722
0 0.752919 0.194209 0.110937 0.190278
0 0.495761 0.457871 0.064844 0.129167
