0 0.591953 0.497160 0.105469 0.094444
0 0.420020 0.412977 0.067188 0.109722
0 0.058634 0.628279 0.103906 0.109722
0 0.077530 0.196791 0.072656 0.100000
0 0.198614 0.458952 0.096875 0.111111
0 0.597952 0.620649 0.095312 0.134722
0 0.340692 0.438188 0.064844 0.129167
0 0.388726 0.485479 0.088281 0.108333
0 0.173148 0.593706 0.092188 0.105556
0 0.720089 0.571408 0.096875 0.112500
0 0.768134 0.382636 0.110937 0.140278
0 0.581446 0.370052 0.127344 0.090278
0 0.874754 0.416583 0.114844 0.102778
0 0.728167 0.177884 0.085938 0.138889
0 0.290568 0.557302 0.095312 0.127778
