0 0.693217 0.351385 0.104687 0.145833
0 0.688988 0.470026 0.105469 0.094444
0 0.766726 0.605752 0.089062 0.081944
0 0.559969 0.390467 0.067188 0.109722
0 0.448022 0.519673 0.051562 0.108333
0 0.347498 0.589597 0.067188 0.102778
0 0.166476 0.602612 0.103906 0.109722
0 0.087313 0.199473 0.072656 0.100000
0 0.174068 0.497712 0.111719 0.115278
0 0.838763 0.423936 0.100781 0.125000
0 0.950937 0.437994 0.095312 0.095833
0 0.353339 0.419518 0.096875 0.111111
0 0.650230 0.651945 0.095312 0.134722
0 0.752717 0.192706 0.110937 0.190278
0 0.491088 0.457677 0.064844 0.129167
0 0.573999 0.496658 0.088281 0.108333
0 0.062302 0.614571 0.122656 0.093056
