0 0.693096 0.351254 0.104687 0.145833
0 0.686430 0.467058 0.105469 0.094444
0 0.766769 0.605683 0.089062 0.081944
0 0.559827 0.390485 0.067188 0.109722
0 0.445049 0.519076 0.051562 0.108333
0 0.348494 0.573746 0.067188 0.102778
0 0.227265 0.637120 0.103906 0.109722
0 0.100060 0.604848 0.148438 0.120833
0 0.087692 0.200421 0.072656 0.100000
0 0.238404 0.530781 0.111719 0.115278
0 0.836381 0.439170 0.100781 0.125000
0 0.950904 0.438085 0.095312 0.095833
0 0.358044 0.385831 0.096875 0.111111
0 0.651324 0.646311 0.095312 0.134722
0 0.752391 0.191676 0.110937 0.190278
0 0.495691 0.457710 0.064844 0.129167
0 0.572428 0.498319 0.088281 0.108333
