0 0.536005 0.619463 0.095312 0.134722
0 0.804031 0.409409 0.114844 0.102778
0 0.768924 0.193498 0.085938 0.138889
0 0.816264 0.508554 0.133594 0.108333
0 0.578675 0.487362 0.078906 0.120833
0 0.409065 0.415682 0.067188 0.109722
0 0.053610 0.628819 0.103906 0.109722
0 0.071674 0.199218 0.072656 0.100000
0 0.198576 0.459007 0.096875 0.111111
0 0.340624 0.438080 0.064844 0.129167
0 0.421749 0.517323 0.088281 0.108333
0 0.180421 0.594869 0.092188 0.105556
0 0.682984 0.444482 0.110937 0.140278
0 0.525033 0.383315 0.078125 0.113889
0 0.301592 0.542479 0.078906 0.102778
0 0.654545 0.560838 0.089844 0.106944
