0 0.797037 0.406604 0.114844 0.102778
0 0.746253 0.093292 0.085938 0.138889
0 0.792625 0.507463 0.133594 0.108333
0 0.589594 0.445936 0.078906 0.120833
0 0.409076 0.415563 0.067188 0.109722
0 0.053492 0.627947 0.103906 0.109722
0 0.072321 0.201045 0.072656 0.100000
0 0.182990 0.453223 0.096875 0.111111
0 0.338370 0.454709 0.064844 0.129167
0 0.418359 0.517048 0.088281 0.108333
0 0.185923 0.595301 0.092188 0.105556
0 0.516590 0.379261 0.078125 0.113889
0 0.273546 0.546746 0.078906 0.102778
0 0.585883 0.562876 0.089844 0.106944
0 0.918549 0.470148 0.126563 0.098611
0 0.525215 0.618735 0.072656 0.101389
0 0.680847 0.425818 0.088281 0.134722
