0 0.742806 0.207935 0.092188 0.148611
0 0.771109 0.364573 0.104687 0.145833
0 0.738810 0.479433 0.105469 0.094444
0 0.691218 0.679070 0.096875 0.144444
0 0.763637 0.596892 0.089062 0.081944
0 0.617901 0.405014 0.067188 0.109722
0 0.626235 0.510420 0.096094 0.098611
0 0.550045 0.454150 0.070312 0.119444
0 0.499184 0.519473 0.051562 0.108333
0 0.391002 0.462497 0.067969 0.086111
0 0.387170 0.586780 0.067188 0.102778
0 0.296892 0.523578 0.079687 0.125000
0 0.282471 0.620200 0.103906 0.109722
0 0.137531 0.626039 0.148438 0.120833
0 0.883631 0.475642 0.132812 0.070833
0 0.073866 0.181950 0.072656 0.100000
0 0.073047 0.320833 0.146094 0.125000
