0 0.663810 0.492755 0.105469 0.094444
0 0.496650 0.411549 0.067188 0.109722
0 0.062081 0.614398 0.103906 0.109722
0 0.073747 0.190120 0.072656 0.100000
0 0.261901 0.444876 0.096875 0.111111
0 0.630986 0.641512 0.095312 0.134722
0 0.424839 0.456556 0.064844 0.129167
0 0.506129 0.508857 0.088281 0.108333
0 0.237912 0.570378 0.092188 0.105556
0 0.727814 0.578495 0.096875 0.112500
0 0.768177 0.382782 0.110937 0.140278
0 0.614345 0.379788 0.127344 0.090278
0 0.874766 0.416634 0.114844 0.102778
0 0.740698 0.218051 0.085938 0.138889
0 0.345313 0.522222 0.095312 0.127778
