0 0.693038 0.351733 0.104687 0.145833
0 0.688469 0.459098 0.105469 0.094444
0 0.766744 0.608756 0.089062 0.081944
0 0.559951 0.390483 0.067188 0.109722
0 0.575373 0.497751 0.096094 0.098611
0 0.445749 0.503105 0.051562 0.108333
0 0.352141 0.577612 0.067188 0.102778
0 0.237761 0.638089 0.103906 0.109722
0 0.099446 0.604098 0.148438 0.120833
0 0.086349 0.188495 0.072656 0.100000
0 0.238421 0.530772 0.111719 0.115278
0 0.836403 0.439132 0.100781 0.125000
0 0.950993 0.438149 0.095312 0.095833
0 0.361434 0.449667 0.096875 0.111111
0 0.679529 0.672007 0.095312 0.134722
0 0.751863 0.192275 0.110937 0.190278
0 0.495724 0.457872 0.064844 0.129167
