0 0.709354 0.350503 0.104687 0.145833
0 0.695127 0.464715 0.105469 0.094444
0 0.753704 0.599433 0.089062 0.081944
0 0.559852 0.390445 0.067188 0.109722
0 0.596211 0.504444 0.096094 0.098611
0 0.444173 0.522610 0.051562 0.108333
0 0.353139 0.581296 0.067188 0.102778
0 0.236148 0.639912 0.103906 0.109722
0 0.104451 0.596475 0.148438 0.120833
0 0.085665 0.200555 0.072656 0.100000
0 0.238364 0.530840 0.111719 0.115278
0 0.864451 0.465462 0.100781 0.125000
0 0.950837 0.438074 0.095312 0.095833
0 0.361382 0.449652 0.096875 0.111111
0 0.688690 0.670742 0.095312 0.134722
0 0.752837 0.193812 0.110937 0.190278
0 0.488652 0.439593 0.064844 0.129167
