0 0.708677 0.351548 0.104687 0.145833
0 0.697250 0.446125 0.105469 0.094444
0 0.766745 0.608746 0.089062 0.081944
0 0.559981 0.390475 0.067188 0.109722
0 0.592667 0.490367 0.096094 0.098611
0 0.444155 0.522659 0.051562 0.108333
0 0.352328 0.579726 0.067188 0.102778
0 0.227101 0.631214 0.103906 0.109722
0 0.099543 0.603023 0.148438 0.120833
0 0.085073 0.192740 0.072656 0.100000
0 0.238339 0.530922 0.111719 0.115278
0 0.836409 0.439054 0.100781 0.125000
0 0.950901 0.438212 0.095312 0.095833
0 0.361387 0.449728 0.096875 0.111111
0 0.692973 0.675118 0.095312 0.134722
0 0.752913 0.194225 0.110937 0.190278
0 0.495755 0.457739 0.064844 0.129167
