0 0.693051 0.351439 0.104687 0.145833
0 0.687629 0.469688 0.105469 0.094444
0 0.766793 0.605689 0.089062 0.081944
0 0.559872 0.390448 0.067188 0.109722
0 0.448718 0.510770 0.051562 0.108333
0 0.354149 0.577092 0.067188 0.102778
0 0.227326 0.637585 0.103906 0.109722
0 0.097465 0.602820 0.148438 0.120833
0 0.087239 0.199451 0.072656 0.100000
0 0.238307 0.530963 0.111719 0.115278
0 0.836383 0.439118 0.100781 0.125000
0 0.950897 0.438046 0.095312 0.095833
0 0.358025 0.386060 0.096875 0.111111
0 0.651482 0.645840 0.095312 0.134722
0 0.752665 0.192511 0.110937 0.190278
0 0.495732 0.457699 0.064844 0.129167
0 0.573052 0.495425 0.088281 0.108333
