0 0.731886 0.203102 0.092188 0.148611
0 0.753129 0.360441 0.104687 0.145833
0 0.742992 0.464340 0.105469 0.094444
0 0.691875 0.658855 0.096875 0.144444
0 0.760502 0.590142 0.089062 0.081944
0 0.624685 0.404604 0.067188 0.109722
0 0.627899 0.515751 0.096094 0.098611
0 0.501591 0.530439 0.051562 0.108333
0 0.385611 0.564196 0.067188 0.102778
0 0.247609 0.632029 0.103906 0.109722
0 0.099741 0.595850 0.148438 0.120833
0 0.073944 0.181394 0.072656 0.100000
0 0.266464 0.512788 0.111719 0.115278
0 0.864420 0.465553 0.100781 0.125000
0 0.950724 0.438179 0.095312 0.095833
0 0.377151 0.448112 0.096875 0.111111
0 0.535935 0.452010 0.092969 0.104167
