0 0.672778 0.489679 0.105469 0.094444
0 0.498183 0.430833 0.067188 0.109722
0 0.380873 0.560756 0.051562 0.108333
0 0.140178 0.601503 0.103906 0.109722
0 0.073005 0.200690 0.072656 0.100000
0 0.165569 0.497746 0.111719 0.115278
0 0.305651 0.441990 0.096875 0.111111
0 0.657426 0.620142 0.095312 0.134722
0 0.424933 0.456360 0.064844 0.129167
0 0.508631 0.522220 0.088281 0.108333
0 0.301252 0.582909 0.092188 0.105556
0 0.724080 0.571568 0.096875 0.112500
0 0.768196 0.382731 0.110937 0.140278
0 0.614430 0.379733 0.127344 0.090278
0 0.885641 0.424833 0.114844 0.102778
