0 0.754637 0.190898 0.092188 0.148611
0 0.753121 0.360426 0.104687 0.145833
0 0.744388 0.466580 0.105469 0.094444
0 0.696339 0.653298 0.096875 0.144444
0 0.760638 0.602729 0.089062 0.081944
0 0.624679 0.404412 0.067188 0.109722
0 0.619384 0.505295 0.096094 0.098611
0 0.448861 0.500431 0.051562 0.108333
0 0.356263 0.579390 0.067188 0.102778
0 0.234299 0.634331 0.103906 0.109722
0 0.105189 0.589553 0.148438 0.120833
0 0.074687 0.179146 0.072656 0.100000
0 0.252368 0.536394 0.111719 0.115278
0 0.864494 0.465555 0.100781 0.125000
0 0.950774 0.438109 0.095312 0.095833
0 0.361369 0.449711 0.096875 0.111111
0 0.520717 0.446068 0.092969 0.104167
