0 0.742718 0.208224 0.092188 0.148611
0 0.771108 0.364585 0.104687 0.145833
0 0.740742 0.469760 0.105469 0.094444
0 0.680889 0.670279 0.096875 0.144444
0 0.775950 0.590681 0.089062 0.081944
0 0.618015 0.405191 0.067188 0.109722
0 0.625236 0.509391 0.096094 0.098611
0 0.550084 0.454226 0.070312 0.119444
0 0.501525 0.530700 0.051562 0.108333
0 0.390956 0.462506 0.067969 0.086111
0 0.391100 0.586202 0.067188 0.102778
0 0.273913 0.625589 0.103906 0.109722
0 0.130002 0.610468 0.148438 0.120833
0 0.883624 0.475720 0.132812 0.070833
0 0.073687 0.182471 0.072656 0.100000
0 0.305446 0.544258 0.090625 0.098611
0 0.181641 0.333333 0.147656 0.147222
