0 0.693225 0.351580 0.104687 0.145833
0 0.687346 0.471115 0.105469 0.094444
0 0.766728 0.605644 0.089062 0.081944
0 0.559869 0.390499 0.067188 0.109722
0 0.443011 0.507227 0.051562 0.108333
0 0.330619 0.583606 0.067188 0.102778
0 0.155991 0.604947 0.103906 0.109722
0 0.087288 0.199481 0.072656 0.100000
0 0.174081 0.497773 0.111719 0.115278
0 0.838772 0.423870 0.100781 0.125000
0 0.950988 0.438122 0.095312 0.095833
0 0.354954 0.441748 0.096875 0.111111
0 0.648059 0.646674 0.095312 0.134722
0 0.752725 0.192712 0.110937 0.190278
0 0.488775 0.453386 0.064844 0.129167
0 0.574229 0.493998 0.088281 0.108333
