0 0.672317 0.494988 0.105469 0.094444
0 0.496641 0.411595 0.067188 0.109722
0 0.381227 0.560892 0.051562 0.108333
0 0.078524 0.608898 0.103906 0.109722
0 0.073869 0.189450 0.072656 0.100000
0 0.291530 0.446067 0.096875 0.111111
0 0.635198 0.640005 0.095312 0.134722
0 0.424891 0.456506 0.064844 0.129167
0 0.509570 0.515770 0.088281 0.108333
0 0.264740 0.593848 0.092188 0.105556
0 0.727778 0.578476 0.096875 0.112500
0 0.768173 0.382658 0.110937 0.140278
0 0.614614 0.379629 0.127344 0.090278
0 0.874739 0.416590 0.114844 0.102778
0 0.762887 0.185575 0.085938 0.138889
