0 0.708693 0.351509 0.104687 0.145833
0 0.698356 0.442025 0.105469 0.094444
0 0.766702 0.608739 0.089062 0.081944
0 0.559966 0.390402 0.067188 0.109722
0 0.572828 0.510970 0.096094 0.098611
0 0.445709 0.503139 0.051562 0.108333
0 0.353748 0.578269 0.067188 0.102778
0 0.237736 0.638326 0.103906 0.109722
0 0.099710 0.603015 0.148438 0.120833
0 0.085566 0.189210 0.072656 0.100000
0 0.238456 0.530907 0.111719 0.115278
0 0.836423 0.439066 0.100781 0.125000
0 0.950935 0.438091 0.095312 0.095833
0 0.361414 0.449704 0.096875 0.111111
0 0.683888 0.672356 0.095312 0.134722
0 0.752879 0.194249 0.110937 0.190278
0 0.495747 0.457767 0.064844 0.129167
