0 0.742540 0.208519 0.092188 0.148611
0 0.771060 0.364617 0.104687 0.145833
0 0.756548 0.471599 0.105469 0.094444
0 0.693701 0.669925 0.096875 0.144444
0 0.767833 0.584534 0.089062 0.081944
0 0.617933 0.405230 0.067188 0.109722
0 0.625799 0.511642 0.096094 0.098611
0 0.550041 0.454254 0.070312 0.119444
0 0.501577 0.530614 0.051562 0.108333
0 0.398508 0.462976 0.067969 0.086111
0 0.387993 0.587514 0.067188 0.102778
0 0.262661 0.624589 0.103906 0.109722
0 0.130727 0.609739 0.148438 0.120833
0 0.883588 0.475716 0.132812 0.070833
0 0.073697 0.182481 0.072656 0.100000
0 0.318750 0.331944 0.135937 0.119444
0 0.280469 0.525000 0.120312 0.108333
