0 0.742275 0.196985 0.092188 0.148611
0 0.753132 0.360395 0.104687 0.145833
0 0.744059 0.466721 0.105469 0.094444
0 0.691213 0.658261 0.096875 0.144444
0 0.759091 0.599362 0.089062 0.081944
0 0.624650 0.404564 0.067188 0.109722
0 0.624702 0.507576 0.096094 0.098611
0 0.451216 0.493442 0.051562 0.108333
0 0.365478 0.574612 0.067188 0.102778
0 0.235461 0.629806 0.103906 0.109722
0 0.107297 0.588105 0.148438 0.120833
0 0.074930 0.178536 0.072656 0.100000
0 0.252346 0.536446 0.111719 0.115278
0 0.864460 0.465513 0.100781 0.125000
0 0.950816 0.438135 0.095312 0.095833
0 0.361474 0.449623 0.096875 0.111111
0 0.532440 0.457254 0.092969 0.104167
