0 0.740993 0.193206 0.092188 0.148611
0 0.753138 0.360428 0.104687 0.145833
0 0.744028 0.466381 0.105469 0.094444
0 0.691700 0.658354 0.096875 0.144444
0 0.759869 0.596540 0.089062 0.081944
0 0.624655 0.404529 0.067188 0.109722
0 0.628496 0.513563 0.096094 0.098611
0 0.456680 0.493421 0.051562 0.108333
0 0.363285 0.574638 0.067188 0.102778
0 0.230933 0.610384 0.103906 0.109722
0 0.096484 0.595192 0.148438 0.120833
0 0.075035 0.178272 0.072656 0.100000
0 0.252336 0.536495 0.111719 0.115278
0 0.864420 0.465553 0.100781 0.125000
0 0.950777 0.438222 0.095312 0.095833
0 0.361434 0.449653 0.096875 0.111111
0 0.537905 0.436482 0.092969 0.104167
