0 0.708691 0.351528 0.104687 0.145833
0 0.691442 0.483908 0.105469 0.094444
0 0.753705 0.599457 0.089062 0.081944
0 0.559988 0.390452 0.067188 0.109722
0 0.590561 0.492758 0.096094 0.098611
0 0.444205 0.522394 0.051562 0.108333
0 0.351731 0.581134 0.067188 0.102778
0 0.236131 0.639805 0.103906 0.109722
0 0.104526 0.596436 0.148438 0.120833
0 0.085656 0.200496 0.072656 0.100000
0 0.238369 0.530839 0.111719 0.115278
0 0.864487 0.465461 0.100781 0.125000
0 0.950861 0.437976 0.095312 0.095833
0 0.361411 0.449675 0.096875 0.111111
0 0.683901 0.679465 0.095312 0.134722
0 0.752881 0.194122 0.110937 0.190278
0 0.488655 0.439553 0.064844 0.129167
