0 0.742780 0.208121 0.092188 0.148611
0 0.771113 0.364553 0.104687 0.145833
0 0.739378 0.478683 0.105469 0.094444
0 0.680793 0.670136 0.096875 0.144444
0 0.764188 0.589949 0.089062 0.081944
0 0.617943 0.405032 0.067188 0.109722
0 0.624944 0.509736 0.096094 0.098611
0 0.549980 0.454229 0.070312 0.119444
0 0.501552 0.530557 0.051562 0.108333
0 0.391051 0.462461 0.067969 0.086111
0 0.388812 0.588273 0.067188 0.102778
0 0.273871 0.625519 0.103906 0.109722
0 0.129588 0.610159 0.148438 0.120833
0 0.883654 0.475692 0.132812 0.070833
0 0.073673 0.182393 0.072656 0.100000
0 0.115625 0.331944 0.162500 0.144444
0 0.296094 0.520139 0.090625 0.098611
