0 0.594961 0.488019 0.105469 0.094444
0 0.420029 0.412972 0.067188 0.109722
0 0.059099 0.629092 0.103906 0.109722
0 0.077543 0.196818 0.072656 0.100000
0 0.198625 0.458910 0.096875 0.111111
0 0.599296 0.633151 0.095312 0.134722
0 0.340667 0.438159 0.064844 0.129167
0 0.412218 0.529547 0.088281 0.108333
0 0.181473 0.588940 0.092188 0.105556
0 0.727791 0.578309 0.096875 0.112500
0 0.768164 0.382701 0.110937 0.140278
0 0.614214 0.379644 0.127344 0.090278
0 0.874756 0.416571 0.114844 0.102778
0 0.740800 0.194912 0.085938 0.138889
0 0.290926 0.559491 0.095312 0.127778
