0 0.742834 0.207801 0.092188 0.148611
0 0.771070 0.364552 0.104687 0.145833
0 0.739875 0.482601 0.105469 0.094444
0 0.690895 0.665639 0.096875 0.144444
0 0.761118 0.592441 0.089062 0.081944
0 0.617864 0.404946 0.067188 0.109722
0 0.628186 0.513265 0.096094 0.098611
0 0.555487 0.455637 0.070312 0.119444
0 0.499169 0.519445 0.051562 0.108333
0 0.390991 0.462557 0.067969 0.086111
0 0.386429 0.585133 0.067188 0.102778
0 0.303147 0.526430 0.079687 0.125000
0 0.296496 0.629838 0.103906 0.109722
0 0.137533 0.627821 0.148438 0.120833
0 0.902312 0.482678 0.132812 0.070833
0 0.074084 0.181294 0.072656 0.100000
