0 0.693056 0.351387 0.104687 0.145833
0 0.687894 0.470279 0.105469 0.094444
0 0.766743 0.605628 0.089062 0.081944
0 0.559892 0.390462 0.067188 0.109722
0 0.447992 0.519644 0.051562 0.108333
0 0.354190 0.611027 0.067188 0.102778
0 0.227252 0.620818 0.103906 0.109722
0 0.087277 0.199401 0.072656 0.100000
0 0.232795 0.526613 0.111719 0.115278
0 0.838693 0.423902 0.100781 0.125000
0 0.950916 0.438047 0.095312 0.095833
0 0.359587 0.406680 0.096875 0.111111
0 0.651522 0.646106 0.095312 0.134722
0 0.752760 0.192723 0.110937 0.190278
0 0.491008 0.457890 0.064844 0.129167
0 0.573804 0.492850 0.088281 0.108333
