0 0.601296 0.497167 0.105469 0.094444
0 0.420023 0.412984 0.067188 0.109722
0 0.059137 0.628995 0.103906 0.109722
0 0.077524 0.196821 0.072656 0.100000
0 0.198700 0.458874 0.096875 0.111111
0 0.591687 0.643164 0.095312 0.134722
0 0.340682 0.438087 0.064844 0.129167
0 0.406261 0.511050 0.088281 0.108333
0 0.179315 0.588333 0.092188 0.105556
0 0.727751 0.578241 0.096875 0.112500
0 0.768155 0.382713 0.110937 0.140278
0 0.581516 0.369992 0.127344 0.090278
0 0.874762 0.416573 0.114844 0.102778
0 0.732955 0.181021 0.085938 0.138889
0 0.291599 0.557711 0.095312 0.127778
