0 0.708544 0.351833 0.104687 0.145833
0 0.696074 0.450322 0.105469 0.094444
0 0.749544 0.572737 0.089062 0.081944
0 0.559948 0.390513 0.067188 0.109722
0 0.579190 0.484904 0.096094 0.098611
0 0.444155 0.522494 0.051562 0.108333
0 0.353941 0.581559 0.067188 0.102778
0 0.227202 0.632415 0.103906 0.109722
0 0.104914 0.596713 0.148438 0.120833
0 0.085195 0.197608 0.072656 0.100000
0 0.238313 0.531036 0.111719 0.115278
0 0.836349 0.439101 0.100781 0.125000
0 0.950809 0.438097 0.095312 0.095833
0 0.361430 0.449559 0.096875 0.111111
0 0.683717 0.675488 0.095312 0.134722
0 0.752789 0.194334 0.110937 0.190278
0 0.495801 0.457712 0.064844 0.129167
