0 0.742204 0.209155 0.092188 0.148611
0 0.753126 0.360429 0.104687 0.145833
0 0.748086 0.461364 0.105469 0.094444
0 0.698581 0.659834 0.096875 0.144444
0 0.757573 0.577966 0.089062 0.081944
0 0.617575 0.405832 0.067188 0.109722
0 0.628460 0.516400 0.096094 0.098611
0 0.549749 0.454085 0.070312 0.119444
0 0.501581 0.530292 0.051562 0.108333
0 0.388780 0.583708 0.067188 0.102778
0 0.247863 0.634017 0.103906 0.109722
0 0.117806 0.614208 0.148438 0.120833
0 0.073681 0.182387 0.072656 0.100000
0 0.266447 0.512662 0.111719 0.115278
0 0.868304 0.483595 0.100781 0.125000
0 0.950854 0.438188 0.095312 0.095833
0 0.549767 0.232732 0.084375 0.138889
0 0.395219 0.457713 0.096875 0.111111
