0 0.797026 0.406661 0.114844 0.102778
0 0.755553 0.185346 0.085938 0.138889
0 0.789560 0.508134 0.133594 0.108333
0 0.589617 0.445932 0.078906 0.120833
0 0.409081 0.415509 0.067188 0.109722
0 0.053386 0.626923 0.103906 0.109722
0 0.071980 0.200235 0.072656 0.100000
0 0.182984 0.453222 0.096875 0.111111
0 0.338313 0.454768 0.064844 0.129167
0 0.418695 0.516347 0.088281 0.108333
0 0.186066 0.594758 0.092188 0.105556
0 0.516576 0.379297 0.078125 0.113889
0 0.273508 0.546870 0.078906 0.102778
0 0.588242 0.554049 0.089844 0.106944
0 0.918592 0.470219 0.126563 0.098611
0 0.525245 0.618788 0.072656 0.101389
0 0.680859 0.425694 0.088281 0.134722
