0 0.693040 0.351471 0.104687 0.145833
0 0.688090 0.468869 0.105469 0.094444
0 0.766776 0.605921 0.089062 0.081944
0 0.559938 0.390453 0.067188 0.109722
0 0.445729 0.503111 0.051562 0.108333
0 0.352997 0.572349 0.067188 0.102778
0 0.227302 0.637738 0.103906 0.109722
0 0.100138 0.605891 0.148438 0.120833
0 0.090623 0.189845 0.072656 0.100000
0 0.238420 0.530809 0.111719 0.115278
0 0.836386 0.439135 0.100781 0.125000
0 0.950815 0.438233 0.095312 0.095833
0 0.361541 0.449589 0.096875 0.111111
0 0.665346 0.638166 0.095312 0.134722
0 0.752867 0.192155 0.110937 0.190278
0 0.495689 0.457832 0.064844 0.129167
0 0.571497 0.502254 0.075781 0.102778
