0 0.672766 0.489532 0.105469 0.094444
0 0.496629 0.411462 0.067188 0.109722
0 0.380817 0.560769 0.051562 0.108333
0 0.140846 0.605744 0.103906 0.109722
0 0.073469 0.191524 0.072656 0.100000
0 0.165596 0.497937 0.111719 0.115278
0 0.305721 0.442035 0.096875 0.111111
0 0.650408 0.653595 0.095312 0.134722
0 0.424824 0.456467 0.064844 0.129167
0 0.508732 0.515640 0.088281 0.108333
0 0.302440 0.583611 0.092188 0.105556
0 0.723921 0.571507 0.096875 0.112500
0 0.768160 0.382661 0.110937 0.140278
0 0.614406 0.379790 0.127344 0.090278
0 0.874724 0.416556 0.114844 0.102778
