0 0.693022 0.351495 0.104687 0.145833
0 0.688152 0.460562 0.105469 0.094444
0 0.766729 0.608767 0.089062 0.081944
0 0.559914 0.390525 0.067188 0.109722
0 0.572221 0.502278 0.096094 0.098611
0 0.445693 0.503250 0.051562 0.108333
0 0.353083 0.578211 0.067188 0.102778
0 0.237800 0.638086 0.103906 0.109722
0 0.099778 0.603071 0.148438 0.120833
0 0.087186 0.185766 0.072656 0.100000
0 0.238423 0.530921 0.111719 0.115278
0 0.836374 0.439221 0.100781 0.125000
0 0.950886 0.438192 0.095312 0.095833
0 0.361411 0.449687 0.096875 0.111111
0 0.684474 0.672188 0.095312 0.134722
0 0.752901 0.201792 0.110937 0.190278
0 0.495761 0.457780 0.064844 0.129167
