0 0.693027 0.351188 0.104687 0.145833
0 0.688223 0.472737 0.105469 0.094444
0 0.758132 0.586279 0.089062 0.081944
0 0.559894 0.390498 0.067188 0.109722
0 0.427978 0.521968 0.051562 0.108333
0 0.147502 0.608538 0.103906 0.109722
0 0.087303 0.199433 0.072656 0.100000
0 0.174043 0.497696 0.111719 0.115278
0 0.838821 0.423775 0.100781 0.125000
0 0.950961 0.438251 0.095312 0.095833
0 0.339309 0.432080 0.096875 0.111111
0 0.651411 0.647155 0.095312 0.134722
0 0.752707 0.192686 0.110937 0.190278
0 0.488730 0.453366 0.064844 0.129167
0 0.573925 0.493685 0.088281 0.108333
0 0.314050 0.566386 0.128906 0.115278
