0 0.661713 0.499568 0.105469 0.094444
0 0.498130 0.430870 0.067188 0.109722
0 0.384786 0.559412 0.051562 0.108333
0 0.140178 0.601287 0.103906 0.109722
0 0.073801 0.191143 0.072656 0.100000
0 0.165580 0.497781 0.111719 0.115278
0 0.305642 0.441929 0.096875 0.111111
0 0.651618 0.648686 0.095312 0.134722
0 0.753371 0.192597 0.110937 0.190278
0 0.424882 0.456434 0.064844 0.129167
0 0.495521 0.520610 0.088281 0.108333
0 0.301911 0.581262 0.092188 0.105556
0 0.724093 0.571581 0.096875 0.112500
0 0.903368 0.418187 0.129688 0.125000
0 0.768205 0.382760 0.110937 0.140278
0 0.605829 0.389398 0.127344 0.090278
