0 0.565253 0.518952 0.105469 0.094444
0 0.420031 0.412938 0.067188 0.109722
0 0.058615 0.626982 0.103906 0.109722
0 0.077506 0.196658 0.072656 0.100000
0 0.198687 0.458960 0.096875 0.111111
0 0.593280 0.626469 0.095312 0.134722
0 0.340697 0.438104 0.064844 0.129167
0 0.418816 0.504178 0.088281 0.108333
0 0.158639 0.602792 0.092188 0.105556
0 0.680014 0.575556 0.096875 0.112500
0 0.732931 0.404947 0.110937 0.140278
0 0.874707 0.416610 0.114844 0.102778
0 0.731463 0.178367 0.085938 0.138889
0 0.311241 0.550895 0.095312 0.127778
0 0.542188 0.379167 0.078125 0.113889
