0 0.651984 0.482798 0.105469 0.094444
0 0.496604 0.411500 0.067188 0.109722
0 0.062214 0.615742 0.103906 0.109722
0 0.073822 0.189734 0.072656 0.100000
0 0.261956 0.444682 0.096875 0.111111
0 0.635645 0.648398 0.095312 0.134722
0 0.417949 0.439800 0.064844 0.129167
0 0.509229 0.523885 0.088281 0.108333
0 0.221465 0.572737 0.092188 0.105556
0 0.727776 0.578603 0.096875 0.112500
0 0.768168 0.382706 0.110937 0.140278
0 0.614257 0.379658 0.127344 0.090278
0 0.874725 0.416622 0.114844 0.102778
0 0.719502 0.224450 0.085938 0.138889
0 0.328921 0.534819 0.095312 0.127778
