0 0.672317 0.494962 0.105469 0.094444
0 0.496649 0.411545 0.067188 0.109722
0 0.381283 0.560955 0.051562 0.108333
0 0.078437 0.608714 0.103906 0.109722
0 0.073857 0.189548 0.072656 0.100000
0 0.305650 0.441909 0.096875 0.111111
0 0.631602 0.649299 0.095312 0.134722
0 0.424851 0.456534 0.064844 0.129167
0 0.510014 0.514715 0.088281 0.108333
0 0.264063 0.600698 0.092188 0.105556
0 0.727840 0.578379 0.096875 0.112500
0 0.768199 0.382610 0.110937 0.140278
0 0.614625 0.379658 0.127344 0.090278
0 0.874747 0.416653 0.114844 0.102778
0 0.763057 0.185198 0.085938 0.138889
