0 0.693103 0.351565 0.104687 0.145833
0 0.688160 0.465433 0.105469 0.094444
0 0.766725 0.608753 0.089062 0.081944
0 0.559851 0.390482 0.067188 0.109722
0 0.445729 0.503137 0.051562 0.108333
0 0.352241 0.573006 0.067188 0.102778
0 0.237544 0.639685 0.103906 0.109722
0 0.099827 0.605502 0.148438 0.120833
0 0.085256 0.193675 0.072656 0.100000
0 0.238388 0.530772 0.111719 0.115278
0 0.836428 0.439079 0.100781 0.125000
0 0.950934 0.438059 0.095312 0.095833
0 0.361390 0.449638 0.096875 0.111111
0 0.680592 0.676802 0.095312 0.134722
0 0.752655 0.192504 0.110937 0.190278
0 0.495656 0.457729 0.064844 0.129167
0 0.568185 0.501575 0.075781 0.102778
