0 0.693089 0.351678 0.104687 0.145833
0 0.687817 0.470691 0.105469 0.094444
0 0.766751 0.605712 0.089062 0.081944
0 0.559951 0.390541 0.067188 0.109722
0 0.448053 0.519716 0.051562 0.108333
0 0.341501 0.585241 0.067188 0.102778
0 0.155507 0.605407 0.103906 0.109722
0 0.087302 0.199468 0.072656 0.100000
0 0.174045 0.497782 0.111719 0.115278
0 0.838780 0.423861 0.100781 0.125000
0 0.950978 0.438089 0.095312 0.095833
0 0.354913 0.441748 0.096875 0.111111
0 0.648068 0.646518 0.095312 0.134722
0 0.752723 0.192697 0.110937 0.190278
0 0.488794 0.453528 0.064844 0.129167
0 0.574285 0.494868 0.088281 0.108333
