0 0.693205 0.351422 0.104687 0.145833
0 0.688794 0.468816 0.105469 0.094444
0 0.766735 0.605761 0.089062 0.081944
0 0.559876 0.390490 0.067188 0.109722
0 0.448030 0.519807 0.051562 0.108333
0 0.359530 0.582653 0.067188 0.102778
0 0.166466 0.602590 0.103906 0.109722
0 0.087316 0.199473 0.072656 0.100000
0 0.184996 0.503260 0.111719 0.115278
0 0.838776 0.423819 0.100781 0.125000
0 0.950940 0.438125 0.095312 0.095833
0 0.353333 0.419317 0.096875 0.111111
0 0.653125 0.650124 0.095312 0.134722
0 0.752736 0.192745 0.110937 0.190278
0 0.491088 0.457627 0.064844 0.129167
0 0.573345 0.497660 0.088281 0.108333
0 0.062233 0.615385 0.122656 0.093056
