0 0.623756 0.373182 0.104687 0.145833
0 0.698149 0.485190 0.105469 0.094444
0 0.498091 0.431057 0.067188 0.109722
0 0.381971 0.554028 0.051562 0.108333
0 0.140202 0.601295 0.103906 0.109722
0 0.073104 0.196678 0.072656 0.100000
0 0.165664 0.497875 0.111719 0.115278
0 0.806023 0.447455 0.100781 0.125000
0 0.305711 0.441930 0.096875 0.111111
0 0.657167 0.654115 0.095312 0.134722
0 0.752714 0.192460 0.110937 0.190278
0 0.430386 0.457859 0.064844 0.129167
0 0.496615 0.518134 0.088281 0.108333
0 0.302308 0.580017 0.092188 0.105556
0 0.744019 0.580194 0.096875 0.112500
0 0.924219 0.393056 0.129688 0.125000
