0 0.708758 0.351482 0.104687 0.145833
0 0.690162 0.453593 0.105469 0.094444
0 0.753775 0.599438 0.089062 0.081944
0 0.559990 0.390478 0.067188 0.109722
0 0.588702 0.491461 0.096094 0.098611
0 0.444187 0.522605 0.051562 0.108333
0 0.351187 0.579438 0.067188 0.102778
0 0.236343 0.638210 0.103906 0.109722
0 0.104673 0.596562 0.148438 0.120833
0 0.085566 0.200641 0.072656 0.100000
0 0.238352 0.531022 0.111719 0.115278
0 0.864415 0.465503 0.100781 0.125000
0 0.950795 0.438093 0.095312 0.095833
0 0.361428 0.449633 0.096875 0.111111
0 0.684484 0.677645 0.095312 0.134722
0 0.752729 0.194198 0.110937 0.190278
0 0.495761 0.457645 0.064844 0.129167
