0 0.576852 0.507820 0.105469 0.094444
0 0.420000 0.412928 0.067188 0.109722
0 0.058657 0.627175 0.103906 0.109722
0 0.077518 0.196767 0.072656 0.100000
0 0.198604 0.458907 0.096875 0.111111
0 0.592380 0.621740 0.095312 0.134722
0 0.340706 0.438203 0.064844 0.129167
0 0.389614 0.489910 0.088281 0.108333
0 0.165024 0.597406 0.092188 0.105556
0 0.680405 0.575472 0.096875 0.112500
0 0.768149 0.382741 0.110937 0.140278
0 0.581423 0.369996 0.127344 0.090278
0 0.874714 0.416600 0.114844 0.102778
0 0.727833 0.175698 0.085938 0.138889
0 0.290958 0.556847 0.095312 0.127778
