0 0.742591 0.208444 0.092188 0.148611
0 0.771131 0.364618 0.104687 0.145833
0 0.755397 0.470698 0.105469 0.094444
0 0.680807 0.670553 0.096875 0.144444
0 0.763582 0.584836 0.089062 0.081944
0 0.617954 0.405188 0.067188 0.109722
0 0.625792 0.510617 0.096094 0.098611
0 0.550033 0.454115 0.070312 0.119444
0 0.501542 0.530452 0.051562 0.108333
0 0.401954 0.461221 0.067969 0.086111
0 0.391180 0.585291 0.067188 0.102778
0 0.273820 0.625110 0.103906 0.109722
0 0.130684 0.609583 0.148438 0.120833
0 0.883665 0.475747 0.132812 0.070833
0 0.073682 0.182517 0.072656 0.100000
0 0.296642 0.534573 0.090625 0.098611
0 0.244922 0.332639 0.119531 0.118056
