0 0.668285 0.475578 0.105469 0.094444
0 0.498145 0.430923 0.067188 0.109722
0 0.381980 0.554085 0.051562 0.108333
0 0.140130 0.601253 0.103906 0.109722
0 0.073326 0.195494 0.072656 0.100000
0 0.165551 0.497550 0.111719 0.115278
0 0.305725 0.441950 0.096875 0.111111
0 0.652937 0.657208 0.095312 0.134722
0 0.752997 0.190788 0.110937 0.190278
0 0.430412 0.457843 0.064844 0.129167
0 0.496553 0.515974 0.088281 0.108333
0 0.298638 0.579243 0.092188 0.105556
0 0.712644 0.562455 0.096875 0.112500
0 0.903482 0.418165 0.129688 0.125000
0 0.768139 0.382647 0.110937 0.140278
0 0.605859 0.389583 0.127344 0.090278
