0 0.576293 0.495668 0.105469 0.094444
0 0.409087 0.415611 0.067188 0.109722
0 0.053381 0.628789 0.103906 0.109722
0 0.078452 0.195406 0.072656 0.100000
0 0.198702 0.458744 0.096875 0.111111
0 0.582672 0.635815 0.095312 0.134722
0 0.340634 0.438086 0.064844 0.129167
0 0.416420 0.513861 0.088281 0.108333
0 0.180092 0.598113 0.092188 0.105556
0 0.693054 0.410585 0.110937 0.140278
0 0.874716 0.416566 0.114844 0.102778
0 0.749145 0.178788 0.085938 0.138889
0 0.534396 0.386084 0.078125 0.113889
0 0.657455 0.571653 0.075000 0.087500
0 0.301611 0.542789 0.078906 0.102778
