0 0.693163 0.351455 0.104687 0.145833
0 0.688109 0.470443 0.105469 0.094444
0 0.766719 0.605719 0.089062 0.081944
0 0.559970 0.390452 0.067188 0.109722
0 0.440025 0.525996 0.051562 0.108333
0 0.155652 0.605241 0.103906 0.109722
0 0.087304 0.199430 0.072656 0.100000
0 0.174077 0.497668 0.111719 0.115278
0 0.838758 0.423904 0.100781 0.125000
0 0.950936 0.438166 0.095312 0.095833
0 0.354969 0.441784 0.096875 0.111111
0 0.648102 0.646302 0.095312 0.134722
0 0.752725 0.192702 0.110937 0.190278
0 0.488740 0.453489 0.064844 0.129167
0 0.574147 0.493626 0.088281 0.108333
0 0.317578 0.571528 0.128906 0.115278
