0 0.693270 0.351530 0.104687 0.145833
0 0.688347 0.470206 0.105469 0.094444
0 0.766717 0.605667 0.089062 0.081944
0 0.559993 0.390446 0.067188 0.109722
0 0.440012 0.531717 0.051562 0.108333
0 0.354855 0.600162 0.067188 0.102778
0 0.222714 0.633579 0.103906 0.109722
0 0.087233 0.199317 0.072656 0.100000
0 0.238343 0.530814 0.111719 0.115278
0 0.838728 0.423895 0.100781 0.125000
0 0.950938 0.438051 0.095312 0.095833
0 0.359556 0.406675 0.096875 0.111111
0 0.651291 0.645272 0.095312 0.134722
0 0.752737 0.192698 0.110937 0.190278
0 0.495734 0.457737 0.064844 0.129167
0 0.574671 0.492550 0.088281 0.108333
0 0.067578 0.597222 0.135156 0.108333
