0 0.693114 0.351733 0.104687 0.145833
0 0.691538 0.478882 0.105469 0.094444
0 0.752440 0.607047 0.089062 0.081944
0 0.542762 0.384942 0.067188 0.109722
0 0.386994 0.526933 0.051562 0.108333
0 0.140183 0.601256 0.103906 0.109722
0 0.069321 0.193854 0.072656 0.100000
0 0.164777 0.500568 0.111719 0.115278
0 0.838805 0.423861 0.100781 0.125000
0 0.305710 0.441845 0.096875 0.111111
0 0.656570 0.646719 0.095312 0.134722
0 0.752750 0.192588 0.110937 0.190278
0 0.442007 0.452156 0.064844 0.129167
0 0.546299 0.480210 0.088281 0.108333
0 0.297542 0.596100 0.092188 0.105556
0 0.945372 0.392345 0.107813 0.098611
