0 0.613548 0.394348 0.104687 0.145833
0 0.698082 0.485173 0.105469 0.094444
0 0.498182 0.430943 0.067188 0.109722
0 0.381994 0.554155 0.051562 0.108333
0 0.140231 0.601184 0.103906 0.109722
0 0.073240 0.197190 0.072656 0.100000
0 0.165562 0.497805 0.111719 0.115278
0 0.806046 0.447416 0.100781 0.125000
0 0.305734 0.441993 0.096875 0.111111
0 0.656516 0.656470 0.095312 0.134722
0 0.753190 0.192324 0.110937 0.190278
0 0.430425 0.457900 0.064844 0.129167
0 0.497278 0.517280 0.088281 0.108333
0 0.300299 0.578210 0.092188 0.105556
0 0.723153 0.584391 0.096875 0.112500
0 0.909914 0.396784 0.129688 0.125000
