0 0.753093 0.360477 0.104687 0.145833
0 0.745445 0.465834 0.105469 0.094444
0 0.755974 0.600289 0.089062 0.081944
0 0.596736 0.401271 0.067188 0.109722
0 0.611149 0.504605 0.096094 0.098611
0 0.447386 0.528371 0.051562 0.108333
0 0.356149 0.581749 0.067188 0.102778
0 0.227453 0.649715 0.103906 0.109722
0 0.109721 0.621052 0.148438 0.120833
0 0.072107 0.189581 0.072656 0.100000
0 0.252349 0.536406 0.111719 0.115278
0 0.864456 0.465508 0.100781 0.125000
0 0.950827 0.438078 0.095312 0.095833
0 0.361508 0.449604 0.096875 0.111111
0 0.507950 0.460273 0.092969 0.104167
0 0.685623 0.653654 0.095312 0.134722
0 0.760156 0.174306 0.110937 0.190278
