0 0.693120 0.351450 0.104687 0.145833
0 0.686975 0.468237 0.105469 0.094444
0 0.766731 0.605981 0.089062 0.081944
0 0.559909 0.390445 0.067188 0.109722
0 0.445754 0.503132 0.051562 0.108333
0 0.352565 0.588151 0.067188 0.102778
0 0.227251 0.637184 0.103906 0.109722
0 0.100664 0.605132 0.148438 0.120833
0 0.088576 0.200013 0.072656 0.100000
0 0.238274 0.530889 0.111719 0.115278
0 0.836403 0.439119 0.100781 0.125000
0 0.950942 0.438114 0.095312 0.095833
0 0.361467 0.449562 0.096875 0.111111
0 0.650960 0.645365 0.095312 0.134722
0 0.752580 0.191588 0.110937 0.190278
0 0.495692 0.457683 0.064844 0.129167
0 0.573047 0.498611 0.088281 0.108333
