0 0.576224 0.495671 0.105469 0.094444
0 0.409057 0.415590 0.067188 0.109722
0 0.053282 0.626862 0.103906 0.109722
0 0.078672 0.194457 0.072656 0.100000
0 0.198698 0.458961 0.096875 0.111111
0 0.577357 0.620114 0.095312 0.134722
0 0.340640 0.438124 0.064844 0.129167
0 0.422221 0.515588 0.088281 0.108333
0 0.179841 0.598898 0.092188 0.105556
0 0.686821 0.434797 0.110937 0.140278
0 0.844712 0.417687 0.114844 0.102778
0 0.760439 0.230709 0.085938 0.138889
0 0.534446 0.386104 0.078125 0.113889
0 0.659421 0.572767 0.075000 0.087500
0 0.301632 0.543535 0.078906 0.102778
