0 0.751111 0.190924 0.092188 0.148611
0 0.753115 0.360394 0.104687 0.145833
0 0.744256 0.466333 0.105469 0.094444
0 0.694444 0.654432 0.096875 0.144444
0 0.758935 0.588113 0.089062 0.081944
0 0.624673 0.404473 0.067188 0.109722
0 0.629195 0.514570 0.096094 0.098611
0 0.500666 0.523501 0.051562 0.108333
0 0.390843 0.573511 0.067188 0.102778
0 0.247087 0.637540 0.103906 0.109722
0 0.103336 0.609374 0.148438 0.120833
0 0.075233 0.177854 0.072656 0.100000
0 0.266427 0.512753 0.111719 0.115278
0 0.864557 0.465533 0.100781 0.125000
0 0.950833 0.438214 0.095312 0.095833
0 0.377161 0.448276 0.096875 0.111111
0 0.537957 0.436641 0.092969 0.104167
