0 0.797036 0.406530 0.114844 0.102778
0 0.761291 0.181324 0.085938 0.138889
0 0.794597 0.511007 0.133594 0.108333
0 0.589614 0.445856 0.078906 0.120833
0 0.409060 0.415529 0.067188 0.109722
0 0.053916 0.628859 0.103906 0.109722
0 0.073126 0.202876 0.072656 0.100000
0 0.182970 0.453233 0.096875 0.111111
0 0.338344 0.454739 0.064844 0.129167
0 0.417966 0.516219 0.088281 0.108333
0 0.186192 0.594991 0.092188 0.105556
0 0.516580 0.379291 0.078125 0.113889
0 0.273530 0.546842 0.078906 0.102778
0 0.585635 0.569623 0.089844 0.106944
0 0.918555 0.470171 0.126563 0.098611
0 0.525258 0.618795 0.072656 0.101389
0 0.680882 0.425736 0.088281 0.134722
