0 0.708732 0.351602 0.104687 0.145833
0 0.697289 0.449330 0.105469 0.094444
0 0.749469 0.572754 0.089062 0.081944
0 0.560052 0.390545 0.067188 0.109722
0 0.589671 0.491325 0.096094 0.098611
0 0.444171 0.522570 0.051562 0.108333
0 0.355263 0.580927 0.067188 0.102778
0 0.227138 0.632684 0.103906 0.109722
0 0.100034 0.604963 0.148438 0.120833
0 0.085287 0.195720 0.072656 0.100000
0 0.238358 0.530989 0.111719 0.115278
0 0.836406 0.439067 0.100781 0.125000
0 0.950863 0.438103 0.095312 0.095833
0 0.361405 0.449608 0.096875 0.111111
0 0.683386 0.674234 0.095312 0.134722
0 0.752926 0.194231 0.110937 0.190278
0 0.495695 0.457721 0.064844 0.129167
