0 0.709306 0.350700 0.104687 0.145833
0 0.699709 0.464665 0.105469 0.094444
0 0.753178 0.585149 0.089062 0.081944
0 0.556768 0.370906 0.067188 0.109722
0 0.593608 0.504660 0.096094 0.098611
0 0.444146 0.522586 0.051562 0.108333
0 0.354037 0.581624 0.067188 0.102778
0 0.236242 0.639895 0.103906 0.109722
0 0.104576 0.596483 0.148438 0.120833
0 0.071600 0.193562 0.072656 0.100000
0 0.238309 0.531126 0.111719 0.115278
0 0.864480 0.465476 0.100781 0.125000
0 0.950876 0.438159 0.095312 0.095833
0 0.361403 0.449610 0.096875 0.111111
0 0.681205 0.666712 0.095312 0.134722
0 0.752857 0.194010 0.110937 0.190278
0 0.488685 0.439683 0.064844 0.129167
