0 0.672783 0.489559 0.105469 0.094444
0 0.496583 0.411452 0.067188 0.109722
0 0.380869 0.560787 0.051562 0.108333
0 0.140852 0.605877 0.103906 0.109722
0 0.073375 0.191973 0.072656 0.100000
0 0.165629 0.497804 0.111719 0.115278
0 0.305685 0.441767 0.096875 0.111111
0 0.648862 0.655137 0.095312 0.134722
0 0.424935 0.456258 0.064844 0.129167
0 0.508891 0.518283 0.088281 0.108333
0 0.301980 0.583496 0.092188 0.105556
0 0.723971 0.571514 0.096875 0.112500
0 0.768119 0.382717 0.110937 0.140278
0 0.614410 0.379703 0.127344 0.090278
0 0.874809 0.416621 0.114844 0.102778
0 0.766406 0.193056 0.085938 0.138889
