0 0.658883 0.487154 0.105469 0.094444
0 0.496613 0.411615 0.067188 0.109722
0 0.381257 0.561092 0.051562 0.108333
0 0.086274 0.600667 0.103906 0.109722
0 0.073859 0.189535 0.072656 0.100000
0 0.305663 0.441928 0.096875 0.111111
0 0.639228 0.650994 0.095312 0.134722
0 0.424852 0.456487 0.064844 0.129167
0 0.509825 0.514816 0.088281 0.108333
0 0.274293 0.603913 0.092188 0.105556
0 0.727796 0.578395 0.096875 0.112500
0 0.768146 0.382736 0.110937 0.140278
0 0.614664 0.379635 0.127344 0.090278
0 0.874770 0.416574 0.114844 0.102778
0 0.763076 0.185383 0.085938 0.138889
