0 0.708638 0.351556 0.104687 0.145833
0 0.697560 0.446999 0.105469 0.094444
0 0.758168 0.601830 0.089062 0.081944
0 0.559859 0.390514 0.067188 0.109722
0 0.594275 0.492236 0.096094 0.098611
0 0.444148 0.522556 0.051562 0.108333
0 0.354451 0.579845 0.067188 0.102778
0 0.227163 0.632061 0.103906 0.109722
0 0.100387 0.604183 0.148438 0.120833
0 0.086583 0.192893 0.072656 0.100000
0 0.238430 0.530895 0.111719 0.115278
0 0.836385 0.439091 0.100781 0.125000
0 0.950835 0.437988 0.095312 0.095833
0 0.361432 0.449601 0.096875 0.111111
0 0.683131 0.673524 0.095312 0.134722
0 0.752865 0.194281 0.110937 0.190278
0 0.495790 0.457697 0.064844 0.129167
