0 0.651921 0.481546 0.105469 0.094444
0 0.496590 0.411706 0.067188 0.109722
0 0.062003 0.616698 0.103906 0.109722
0 0.073962 0.188982 0.072656 0.100000
0 0.261992 0.444742 0.096875 0.111111
0 0.626005 0.652902 0.095312 0.134722
0 0.417911 0.439770 0.064844 0.129167
0 0.504041 0.544010 0.088281 0.108333
0 0.217386 0.585705 0.092188 0.105556
0 0.727816 0.578587 0.096875 0.112500
0 0.768116 0.382672 0.110937 0.140278
0 0.614338 0.379758 0.127344 0.090278
0 0.874713 0.416665 0.114844 0.102778
0 0.740803 0.190659 0.085938 0.138889
0 0.328916 0.534695 0.095312 0.127778
