0 0.652910 0.480760 0.105469 0.094444
0 0.463803 0.410269 0.067188 0.109722
0 0.062154 0.615937 0.103906 0.109722
0 0.073847 0.189718 0.072656 0.100000
0 0.198668 0.458769 0.096875 0.111111
0 0.642478 0.638324 0.095312 0.134722
0 0.354747 0.448005 0.064844 0.129167
0 0.465657 0.518103 0.088281 0.108333
0 0.177683 0.580057 0.092188 0.105556
0 0.727814 0.578566 0.096875 0.112500
0 0.768132 0.382650 0.110937 0.140278
0 0.614387 0.379632 0.127344 0.090278
0 0.874750 0.416702 0.114844 0.102778
0 0.747718 0.193819 0.085938 0.138889
0 0.309217 0.557854 0.095312 0.127778
