0 0.693191 0.351744 0.104687 0.145833
0 0.714124 0.501647 0.105469 0.094444
0 0.513019 0.394666 0.067188 0.109722
0 0.381957 0.554081 0.051562 0.108333
0 0.140176 0.601182 0.103906 0.109722
0 0.069738 0.201152 0.072656 0.100000
0 0.164797 0.500493 0.111719 0.115278
0 0.838811 0.423834 0.100781 0.125000
0 0.305718 0.441921 0.096875 0.111111
0 0.659080 0.648409 0.095312 0.134722
0 0.752737 0.192535 0.110937 0.190278
0 0.430334 0.457836 0.064844 0.129167
0 0.533786 0.519148 0.088281 0.108333
0 0.296739 0.594530 0.092188 0.105556
0 0.945441 0.392501 0.107813 0.098611
0 0.755469 0.606250 0.096875 0.112500
