0 0.663732 0.492122 0.105469 0.094444
0 0.496648 0.411585 0.067188 0.109722
0 0.355856 0.539102 0.051562 0.108333
0 0.062152 0.614039 0.103906 0.109722
0 0.073761 0.190056 0.072656 0.100000
0 0.261931 0.444736 0.096875 0.111111
0 0.632779 0.644573 0.095312 0.134722
0 0.424951 0.456480 0.064844 0.129167
0 0.504840 0.511139 0.088281 0.108333
0 0.241084 0.586089 0.092188 0.105556
0 0.727744 0.578523 0.096875 0.112500
0 0.768113 0.382694 0.110937 0.140278
0 0.614422 0.379752 0.127344 0.090278
0 0.874712 0.416556 0.114844 0.102778
0 0.752992 0.203728 0.085938 0.138889
