0 0.613649 0.394183 0.104687 0.145833
0 0.698151 0.485256 0.105469 0.094444
0 0.498145 0.430973 0.067188 0.109722
0 0.381922 0.554096 0.051562 0.108333
0 0.140163 0.601250 0.103906 0.109722
0 0.073230 0.196877 0.072656 0.100000
0 0.165534 0.497709 0.111719 0.115278
0 0.305707 0.441975 0.096875 0.111111
0 0.653574 0.664070 0.095312 0.134722
0 0.753129 0.192174 0.110937 0.190278
0 0.430371 0.457885 0.064844 0.129167
0 0.497026 0.515799 0.088281 0.108333
0 0.298770 0.579823 0.092188 0.105556
0 0.731002 0.580593 0.096875 0.112500
0 0.903498 0.418209 0.129688 0.125000
0 0.780469 0.407639 0.110937 0.140278
