0 0.742366 0.208992 0.092188 0.148611
0 0.771143 0.364584 0.104687 0.145833
0 0.755071 0.469357 0.105469 0.094444
0 0.693928 0.669738 0.096875 0.144444
0 0.759776 0.578060 0.089062 0.081944
0 0.617787 0.405483 0.067188 0.109722
0 0.626253 0.514276 0.096094 0.098611
0 0.552067 0.458360 0.070312 0.119444
0 0.501548 0.530488 0.051562 0.108333
0 0.385244 0.589905 0.067188 0.102778
0 0.257770 0.627900 0.103906 0.109722
0 0.121254 0.613694 0.148438 0.120833
0 0.073664 0.182518 0.072656 0.100000
0 0.440479 0.305763 0.135937 0.119444
0 0.399942 0.473473 0.086719 0.087500
0 0.266260 0.512906 0.111719 0.115278
0 0.866034 0.513884 0.100781 0.125000
0 0.950824 0.438167 0.095312 0.095833
