0 0.693046 0.351159 0.104687 0.145833
0 0.691102 0.467193 0.105469 0.094444
0 0.758101 0.586293 0.089062 0.081944
0 0.559970 0.390542 0.067188 0.109722
0 0.415155 0.533885 0.051562 0.108333
0 0.147474 0.609100 0.103906 0.109722
0 0.087271 0.199434 0.072656 0.100000
0 0.174093 0.497826 0.111719 0.115278
0 0.838818 0.423807 0.100781 0.125000
0 0.950969 0.438160 0.095312 0.095833
0 0.339279 0.432017 0.096875 0.111111
0 0.656236 0.647976 0.095312 0.134722
0 0.752725 0.192688 0.110937 0.190278
0 0.480933 0.467324 0.064844 0.129167
0 0.573867 0.494253 0.088281 0.108333
0 0.308033 0.561804 0.128906 0.115278
