0 0.658110 0.488398 0.105469 0.094444
0 0.496626 0.411524 0.067188 0.109722
0 0.381300 0.560956 0.051562 0.108333
0 0.140915 0.605934 0.103906 0.109722
0 0.073837 0.189695 0.072656 0.100000
0 0.160019 0.497668 0.111719 0.115278
0 0.305615 0.441792 0.096875 0.111111
0 0.656636 0.647490 0.095312 0.134722
0 0.424873 0.456403 0.064844 0.129167
0 0.508916 0.513550 0.088281 0.108333
0 0.279858 0.600694 0.092188 0.105556
0 0.727829 0.578284 0.096875 0.112500
0 0.768099 0.382700 0.110937 0.140278
0 0.614461 0.379794 0.127344 0.090278
0 0.874757 0.416686 0.114844 0.102778
0 0.765266 0.190481 0.085938 0.138889
