0 0.753968 0.194420 0.092188 0.148611
0 0.753131 0.360435 0.104687 0.145833
0 0.744102 0.465055 0.105469 0.094444
0 0.693770 0.657539 0.096875 0.144444
0 0.759485 0.589724 0.089062 0.081944
0 0.624641 0.404722 0.067188 0.109722
0 0.627679 0.514840 0.096094 0.098611
0 0.501719 0.529432 0.051562 0.108333
0 0.396810 0.563661 0.067188 0.102778
0 0.247089 0.637751 0.103906 0.109722
0 0.099325 0.597681 0.148438 0.120833
0 0.075262 0.177910 0.072656 0.100000
0 0.266462 0.512716 0.111719 0.115278
0 0.864521 0.465512 0.100781 0.125000
0 0.950727 0.438077 0.095312 0.095833
0 0.377200 0.448143 0.096875 0.111111
0 0.538024 0.436664 0.092969 0.104167
