0 0.520317 0.618739 0.095312 0.134722
0 0.804103 0.409383 0.114844 0.102778
0 0.768273 0.192152 0.085938 0.138889
0 0.801886 0.517605 0.133594 0.108333
0 0.595069 0.458221 0.078906 0.120833
0 0.409061 0.415631 0.067188 0.109722
0 0.053501 0.629279 0.103906 0.109722
0 0.072986 0.197850 0.072656 0.100000
0 0.182948 0.453287 0.096875 0.111111
0 0.340626 0.438099 0.064844 0.129167
0 0.421362 0.515889 0.088281 0.108333
0 0.182745 0.606706 0.092188 0.105556
0 0.682965 0.444513 0.110937 0.140278
0 0.525012 0.383327 0.078125 0.113889
0 0.289173 0.533144 0.078906 0.102778
0 0.622451 0.587228 0.089844 0.106944
