0 0.520268 0.619026 0.095312 0.134722
0 0.804108 0.409295 0.114844 0.102778
0 0.752971 0.179596 0.085938 0.138889
0 0.796969 0.505621 0.133594 0.108333
0 0.589596 0.445925 0.078906 0.120833
0 0.409085 0.415641 0.067188 0.109722
0 0.054243 0.628140 0.103906 0.109722
0 0.072862 0.196607 0.072656 0.100000
0 0.182984 0.453178 0.096875 0.111111
0 0.338301 0.453336 0.064844 0.129167
0 0.417336 0.513232 0.088281 0.108333
0 0.183782 0.607429 0.092188 0.105556
0 0.683019 0.444613 0.110937 0.140278
0 0.516543 0.379205 0.078125 0.113889
0 0.282791 0.544217 0.078906 0.102778
0 0.597521 0.562112 0.089844 0.106944
0 0.932031 0.454861 0.126563 0.098611
