0 0.657270 0.364987 0.104687 0.145833
0 0.710234 0.486851 0.105469 0.094444
0 0.507581 0.405503 0.067188 0.109722
0 0.381852 0.554111 0.051562 0.108333
0 0.140202 0.601244 0.103906 0.109722
0 0.072873 0.196224 0.072656 0.100000
0 0.164825 0.500608 0.111719 0.115278
0 0.838766 0.419717 0.100781 0.125000
0 0.305660 0.441880 0.096875 0.111111
0 0.658083 0.638660 0.095312 0.134722
0 0.752698 0.192477 0.110937 0.190278
0 0.430373 0.457869 0.064844 0.129167
0 0.512454 0.512733 0.088281 0.108333
0 0.296812 0.591901 0.092188 0.105556
0 0.945319 0.392197 0.107813 0.098611
0 0.756008 0.599541 0.096875 0.112500
