0 0.520323 0.618576 0.095312 0.134722
0 0.804045 0.409363 0.114844 0.102778
0 0.758141 0.189201 0.085938 0.138889
0 0.796910 0.505606 0.133594 0.108333
0 0.595068 0.458250 0.078906 0.120833
0 0.409125 0.415530 0.067188 0.109722
0 0.053509 0.628868 0.103906 0.109722
0 0.073270 0.197065 0.072656 0.100000
0 0.183009 0.453401 0.096875 0.111111
0 0.340668 0.438082 0.064844 0.129167
0 0.416893 0.511775 0.088281 0.108333
0 0.183321 0.606924 0.092188 0.105556
0 0.682956 0.444441 0.110937 0.140278
0 0.525091 0.383399 0.078125 0.113889
0 0.289189 0.533105 0.078906 0.102778
0 0.604598 0.584814 0.089844 0.106944
