0 0.659670 0.510865 0.105469 0.094444
0 0.498169 0.430941 0.067188 0.109722
0 0.385049 0.559947 0.051562 0.108333
0 0.140254 0.601239 0.103906 0.109722
0 0.073616 0.192248 0.072656 0.100000
0 0.165606 0.497753 0.111719 0.115278
0 0.305749 0.442004 0.096875 0.111111
0 0.652875 0.645055 0.095312 0.134722
0 0.753491 0.192653 0.110937 0.190278
0 0.424891 0.456441 0.064844 0.129167
0 0.497091 0.523992 0.088281 0.108333
0 0.301627 0.580338 0.092188 0.105556
0 0.723993 0.571639 0.096875 0.112500
0 0.768186 0.382823 0.110937 0.140278
0 0.605849 0.389683 0.127344 0.090278
0 0.877734 0.405556 0.114844 0.102778
0 0.871875 0.488889 0.173438 0.058333
