0 0.668183 0.475627 0.105469 0.094444
0 0.498124 0.430874 0.067188 0.109722
0 0.382015 0.554104 0.051562 0.108333
0 0.140147 0.601266 0.103906 0.109722
0 0.073364 0.194851 0.072656 0.100000
0 0.165479 0.497609 0.111719 0.115278
0 0.305731 0.441914 0.096875 0.111111
0 0.658340 0.641377 0.095312 0.134722
0 0.753049 0.192199 0.110937 0.190278
0 0.428045 0.471779 0.064844 0.129167
0 0.495818 0.517335 0.088281 0.108333
0 0.299243 0.577695 0.092188 0.105556
0 0.724238 0.572085 0.096875 0.112500
0 0.903502 0.418047 0.129688 0.125000
0 0.768158 0.382707 0.110937 0.140278
0 0.605853 0.389566 0.127344 0.090278
