0 0.668085 0.509062 0.105469 0.094444
0 0.498168 0.431069 0.067188 0.109722
0 0.380617 0.560757 0.051562 0.108333
0 0.140128 0.601556 0.103906 0.109722
0 0.073030 0.197546 0.072656 0.100000
0 0.165531 0.497688 0.111719 0.115278
0 0.305689 0.441994 0.096875 0.111111
0 0.657159 0.631571 0.095312 0.134722
0 0.424921 0.456359 0.064844 0.129167
0 0.509422 0.529775 0.088281 0.108333
0 0.301449 0.582377 0.092188 0.105556
0 0.724019 0.571552 0.096875 0.112500
0 0.768216 0.382739 0.110937 0.140278
0 0.614505 0.379908 0.127344 0.090278
0 0.885628 0.424786 0.114844 0.102778
