0 0.753119 0.360470 0.104687 0.145833
0 0.745373 0.463888 0.105469 0.094444
0 0.753187 0.599072 0.089062 0.081944
0 0.596719 0.401182 0.067188 0.109722
0 0.611083 0.504671 0.096094 0.098611
0 0.447387 0.528455 0.051562 0.108333
0 0.354720 0.580316 0.067188 0.102778
0 0.249645 0.632520 0.103906 0.109722
0 0.106017 0.608204 0.148438 0.120833
0 0.071919 0.190963 0.072656 0.100000
0 0.238363 0.530851 0.111719 0.115278
0 0.864489 0.465504 0.100781 0.125000
0 0.950762 0.438103 0.095312 0.095833
0 0.361418 0.449668 0.096875 0.111111
0 0.507953 0.460225 0.092969 0.104167
0 0.685420 0.653818 0.095312 0.134722
0 0.761779 0.172556 0.110937 0.190278
