0 0.753118 0.360490 0.104687 0.145833
0 0.739416 0.466391 0.105469 0.094444
0 0.759331 0.588200 0.089062 0.081944
0 0.568455 0.384713 0.067188 0.109722
0 0.598000 0.491544 0.096094 0.098611
0 0.440381 0.514605 0.051562 0.108333
0 0.352211 0.579706 0.067188 0.102778
0 0.240444 0.644996 0.103906 0.109722
0 0.106967 0.607675 0.148438 0.120833
0 0.071701 0.192697 0.072656 0.100000
0 0.238388 0.530762 0.111719 0.115278
0 0.864447 0.465520 0.100781 0.125000
0 0.950811 0.438208 0.095312 0.095833
0 0.361447 0.449766 0.096875 0.111111
0 0.503230 0.458891 0.092969 0.104167
0 0.693863 0.672080 0.095312 0.134722
0 0.762088 0.171902 0.110937 0.190278
