0 0.708641 0.351540 0.104687 0.145833
0 0.698148 0.448054 0.105469 0.094444
0 0.758177 0.601830 0.089062 0.081944
0 0.559980 0.390471 0.067188 0.109722
0 0.593588 0.490920 0.096094 0.098611
0 0.444171 0.522609 0.051562 0.108333
0 0.353461 0.581294 0.067188 0.102778
0 0.227043 0.631172 0.103906 0.109722
0 0.100349 0.603323 0.148438 0.120833
0 0.085935 0.192179 0.072656 0.100000
0 0.238515 0.530791 0.111719 0.115278
0 0.836396 0.439122 0.100781 0.125000
0 0.950819 0.438169 0.095312 0.095833
0 0.361418 0.449627 0.096875 0.111111
0 0.683017 0.673193 0.095312 0.134722
0 0.752863 0.194276 0.110937 0.190278
0 0.495779 0.457762 0.064844 0.129167
