0 0.658487 0.487902 0.105469 0.094444
0 0.496578 0.411630 0.067188 0.109722
0 0.381292 0.561064 0.051562 0.108333
0 0.114893 0.616503 0.103906 0.109722
0 0.073866 0.189517 0.072656 0.100000
0 0.160006 0.497719 0.111719 0.115278
0 0.305686 0.441874 0.096875 0.111111
0 0.659394 0.653979 0.095312 0.134722
0 0.424901 0.456390 0.064844 0.129167
0 0.508922 0.513491 0.088281 0.108333
0 0.278230 0.600962 0.092188 0.105556
0 0.727838 0.578258 0.096875 0.112500
0 0.768194 0.382683 0.110937 0.140278
0 0.614454 0.379650 0.127344 0.090278
0 0.874705 0.416570 0.114844 0.102778
0 0.763432 0.188094 0.085938 0.138889
