0 0.586445 0.498492 0.105469 0.094444
0 0.409057 0.415686 0.067188 0.109722
0 0.053435 0.628714 0.103906 0.109722
0 0.077860 0.196495 0.072656 0.100000
0 0.198685 0.458866 0.096875 0.111111
0 0.599768 0.636414 0.095312 0.134722
0 0.340663 0.438113 0.064844 0.129167
0 0.417018 0.515098 0.088281 0.108333
0 0.180323 0.600864 0.092188 0.105556
0 0.732910 0.404996 0.110937 0.140278
0 0.874747 0.416674 0.114844 0.102778
0 0.736818 0.177270 0.085938 0.138889
0 0.542147 0.379291 0.078125 0.113889
0 0.665625 0.556250 0.075000 0.087500
0 0.301953 0.544444 0.078906 0.102778
