0 0.668254 0.508697 0.105469 0.094444
0 0.498175 0.430889 0.067188 0.109722
0 0.385170 0.560102 0.051562 0.108333
0 0.140561 0.600799 0.103906 0.109722
0 0.073828 0.188395 0.072656 0.100000
0 0.165596 0.497698 0.111719 0.115278
0 0.305716 0.441949 0.096875 0.111111
0 0.654863 0.642586 0.095312 0.134722
0 0.763359 0.185756 0.110937 0.190278
0 0.424854 0.456475 0.064844 0.129167
0 0.511886 0.544226 0.088281 0.108333
0 0.301422 0.581389 0.092188 0.105556
0 0.724157 0.571458 0.096875 0.112500
0 0.768232 0.382874 0.110937 0.140278
0 0.609020 0.389584 0.127344 0.090278
0 0.877745 0.405575 0.114844 0.102778
0 0.869875 0.495486 0.173438 0.058333
