0 0.742461 0.208790 0.092188 0.148611
0 0.771120 0.364598 0.104687 0.145833
0 0.756067 0.471104 0.105469 0.094444
0 0.693867 0.669927 0.096875 0.144444
0 0.764822 0.579683 0.089062 0.081944
0 0.617897 0.405102 0.067188 0.109722
0 0.625828 0.513120 0.096094 0.098611
0 0.550186 0.454250 0.070312 0.119444
0 0.501535 0.530450 0.051562 0.108333
0 0.385636 0.589625 0.067188 0.102778
0 0.276162 0.629057 0.103906 0.109722
0 0.125557 0.609627 0.148438 0.120833
0 0.073660 0.182564 0.072656 0.100000
0 0.380337 0.329192 0.135937 0.119444
0 0.399609 0.465972 0.086719 0.087500
0 0.266016 0.513194 0.111719 0.115278
0 0.866016 0.513889 0.100781 0.125000
0 0.950781 0.438194 0.095312 0.095833
