0 0.693099 0.351406 0.104687 0.145833
0 0.687667 0.469665 0.105469 0.094444
0 0.766725 0.605622 0.089062 0.081944
0 0.559824 0.390434 0.067188 0.109722
0 0.448007 0.519643 0.051562 0.108333
0 0.355739 0.579042 0.067188 0.102778
0 0.201951 0.620611 0.103906 0.109722
0 0.087274 0.199370 0.072656 0.100000
0 0.215496 0.515675 0.111719 0.115278
0 0.838662 0.423871 0.100781 0.125000
0 0.950922 0.438076 0.095312 0.095833
0 0.359549 0.406886 0.096875 0.111111
0 0.651708 0.646100 0.095312 0.134722
0 0.752759 0.192755 0.110937 0.190278
0 0.491008 0.457701 0.064844 0.129167
0 0.573760 0.494903 0.088281 0.108333
0 0.061328 0.606250 0.122656 0.093056
