0 0.693204 0.351515 0.104687 0.145833
0 0.688043 0.468686 0.105469 0.094444
0 0.766723 0.605735 0.089062 0.081944
0 0.559914 0.390489 0.067188 0.109722
0 0.448033 0.519639 0.051562 0.108333
0 0.356329 0.574386 0.067188 0.102778
0 0.187704 0.629221 0.103906 0.109722
0 0.087280 0.199416 0.072656 0.100000
0 0.215483 0.515684 0.111719 0.115278
0 0.838708 0.423931 0.100781 0.125000
0 0.950930 0.438100 0.095312 0.095833
0 0.353267 0.419207 0.096875 0.111111
0 0.652845 0.650637 0.095312 0.134722
0 0.752726 0.192748 0.110937 0.190278
0 0.490982 0.457690 0.064844 0.129167
0 0.572773 0.496682 0.088281 0.108333
0 0.062548 0.615653 0.122656 0.093056
