0 0.672719 0.489646 0.105469 0.094444
0 0.496603 0.411508 0.067188 0.109722
0 0.380840 0.560740 0.051562 0.108333
0 0.140937 0.605726 0.103906 0.109722
0 0.072912 0.198887 0.072656 0.100000
0 0.165477 0.497718 0.111719 0.115278
0 0.305776 0.441954 0.096875 0.111111
0 0.654462 0.617718 0.095312 0.134722
0 0.424894 0.456351 0.064844 0.129167
0 0.511016 0.511487 0.088281 0.108333
0 0.301152 0.583447 0.092188 0.105556
0 0.724058 0.571661 0.096875 0.112500
0 0.768139 0.382828 0.110937 0.140278
0 0.614472 0.379831 0.127344 0.090278
0 0.885638 0.424868 0.114844 0.102778
