0 0.693155 0.351493 0.104687 0.145833
0 0.688275 0.470391 0.105469 0.094444
0 0.766725 0.605634 0.089062 0.081944
0 0.559961 0.390508 0.067188 0.109722
0 0.443767 0.520128 0.051562 0.108333
0 0.353834 0.583562 0.067188 0.102778
0 0.222606 0.634109 0.103906 0.109722
0 0.070148 0.614586 0.148438 0.120833
0 0.087595 0.198706 0.072656 0.100000
0 0.238386 0.530704 0.111719 0.115278
0 0.836377 0.439123 0.100781 0.125000
0 0.950960 0.438116 0.095312 0.095833
0 0.359582 0.406683 0.096875 0.111111
0 0.651161 0.645015 0.095312 0.134722
0 0.752702 0.192642 0.110937 0.190278
0 0.495701 0.457822 0.064844 0.129167
0 0.574782 0.493137 0.088281 0.108333
