0 0.672361 0.494999 0.105469 0.094444
0 0.496623 0.411549 0.067188 0.109722
0 0.381133 0.560374 0.051562 0.108333
0 0.062070 0.614579 0.103906 0.109722
0 0.073865 0.189445 0.072656 0.100000
0 0.291538 0.445896 0.096875 0.111111
0 0.634720 0.638831 0.095312 0.134722
0 0.424823 0.456443 0.064844 0.129167
0 0.506775 0.513803 0.088281 0.108333
0 0.250098 0.587327 0.092188 0.105556
0 0.727803 0.578548 0.096875 0.112500
0 0.768162 0.382499 0.110937 0.140278
0 0.614534 0.379733 0.127344 0.090278
0 0.874692 0.416675 0.114844 0.102778
0 0.762461 0.189751 0.085938 0.138889
