0 0.727333 0.348000 0.104687 0.145833
0 0.717535 0.463931 0.105469 0.094444
0 0.738844 0.595482 0.089062 0.081944
0 0.556717 0.370904 0.067188 0.109722
0 0.593740 0.492062 0.096094 0.098611
0 0.445872 0.526466 0.051562 0.108333
0 0.353740 0.582503 0.067188 0.102778
0 0.236199 0.639445 0.103906 0.109722
0 0.104692 0.596561 0.148438 0.120833
0 0.071596 0.193497 0.072656 0.100000
0 0.238377 0.530925 0.111719 0.115278
0 0.864456 0.465534 0.100781 0.125000
0 0.950740 0.438203 0.095312 0.095833
0 0.361448 0.449613 0.096875 0.111111
0 0.687991 0.678308 0.095312 0.134722
0 0.752836 0.193727 0.110937 0.190278
0 0.488693 0.439546 0.064844 0.129167
