0 0.633256 0.478449 0.105469 0.094444
0 0.463762 0.410335 0.067188 0.109722
0 0.061997 0.614679 0.103906 0.109722
0 0.074097 0.188294 0.072656 0.100000
0 0.198661 0.458879 0.096875 0.111111
0 0.643146 0.628704 0.095312 0.134722
0 0.354811 0.447896 0.064844 0.129167
0 0.441034 0.500969 0.088281 0.108333
0 0.182772 0.586784 0.092188 0.105556
0 0.727850 0.578567 0.096875 0.112500
0 0.768112 0.382625 0.110937 0.140278
0 0.614334 0.379742 0.127344 0.090278
0 0.874755 0.416536 0.114844 0.102778
0 0.760939 0.204959 0.085938 0.138889
0 0.289814 0.537704 0.095312 0.127778
