0 0.742314 0.209018 0.092188 0.148611
0 0.753140 0.360414 0.104687 0.145833
0 0.748107 0.461049 0.105469 0.094444
0 0.693923 0.669809 0.096875 0.144444
0 0.759629 0.578573 0.089062 0.081944
0 0.617615 0.406722 0.067188 0.109722
0 0.626903 0.516842 0.096094 0.098611
0 0.549632 0.454152 0.070312 0.119444
0 0.501537 0.530411 0.051562 0.108333
0 0.389194 0.582364 0.067188 0.102778
0 0.247648 0.632917 0.103906 0.109722
0 0.117812 0.613922 0.148438 0.120833
0 0.073644 0.182498 0.072656 0.100000
0 0.266347 0.512855 0.111719 0.115278
0 0.868375 0.483449 0.100781 0.125000
0 0.950787 0.438078 0.095312 0.095833
0 0.498437 0.277778 0.084375 0.138889
0 0.403906 0.469444 0.096875 0.111111
