0 0.797067 0.406600 0.114844 0.102778
0 0.753086 0.180232 0.085938 0.138889
0 0.783862 0.494305 0.133594 0.108333
0 0.589571 0.445932 0.078906 0.120833
0 0.409074 0.415546 0.067188 0.109722
0 0.053514 0.627026 0.103906 0.109722
0 0.072709 0.197186 0.072656 0.100000
0 0.182993 0.453232 0.096875 0.111111
0 0.338378 0.453328 0.064844 0.129167
0 0.421667 0.517574 0.088281 0.108333
0 0.183911 0.608430 0.092188 0.105556
0 0.682998 0.444541 0.110937 0.140278
0 0.516558 0.379216 0.078125 0.113889
0 0.275746 0.548168 0.078906 0.102778
0 0.590926 0.548755 0.089844 0.106944
0 0.918525 0.470128 0.126563 0.098611
0 0.525391 0.618750 0.072656 0.101389
