0 0.797072 0.406591 0.114844 0.102778
0 0.751889 0.194017 0.085938 0.138889
0 0.793232 0.512470 0.133594 0.108333
0 0.589591 0.445880 0.078906 0.120833
0 0.409083 0.415512 0.067188 0.109722
0 0.073063 0.202518 0.072656 0.100000
0 0.182975 0.453096 0.096875 0.111111
0 0.338342 0.454715 0.064844 0.129167
0 0.417761 0.515857 0.088281 0.108333
0 0.186121 0.593726 0.092188 0.105556
0 0.516537 0.379318 0.078125 0.113889
0 0.273620 0.546786 0.078906 0.102778
0 0.585243 0.572039 0.089844 0.106944
0 0.918549 0.470135 0.126563 0.098611
0 0.525353 0.618803 0.072656 0.101389
0 0.680919 0.425712 0.088281 0.134722
