0 0.672811 0.489616 0.105469 0.094444
0 0.496697 0.411499 0.067188 0.109722
0 0.381069 0.560872 0.051562 0.108333
0 0.140772 0.605832 0.103906 0.109722
0 0.072920 0.200269 0.072656 0.100000
0 0.165637 0.497734 0.111719 0.115278
0 0.305636 0.441928 0.096875 0.111111
0 0.654027 0.618581 0.095312 0.134722
0 0.424892 0.456346 0.064844 0.129167
0 0.512711 0.514632 0.088281 0.108333
0 0.301538 0.583780 0.092188 0.105556
0 0.724008 0.571432 0.096875 0.112500
0 0.768188 0.382802 0.110937 0.140278
0 0.614402 0.379761 0.127344 0.090278
0 0.885665 0.424884 0.114844 0.102778
