0 0.284341 0.338665 0.076563 0.113889
0 0.559660 0.614696 0.061719 0.108333
0 0.573409 0.805841 0.091406 0.161111
0 0.810169 0.914574 0.124219 0.140278
0 0.311869 0.943609 0.084375 0.113889
0 0.107239 0.864911 0.110937 0.168056
0 0.674156 0.842620 0.090625 0.141667
0 0.220369 0.893112 0.095312 0.155556
0 0.298993 0.825116 0.078125 0.126389
0 0.412579 0.799772 0.081250 0.191667
0 0.469087 0.918583 0.053906 0.165278
0 0.293461 0.117894 0.098438 0.109722
0 0.700338 0.957522 0.103906 0.093056
0 0.937551 0.870100 0.114063 0.179167
