0 0.553375 0.607253 0.061719 0.108333
0 0.292110 0.167924 0.094531 0.084722
0 0.284361 0.338806 0.076563 0.113889
0 0.553375 0.607253 0.061719 0.108333
0 0.659772 0.881900 0.091406 0.161111
0 0.755076 0.855701 0.099219 0.163889
0 0.883417 0.900308 0.124219 0.140278
0 0.434039 0.937373 0.084375 0.113889
0 0.539921 0.909379 0.067188 0.098611
0 0.292406 0.916074 0.065625 0.169444
0 0.361687 0.864948 0.064844 0.165278
0 0.423432 0.815466 0.054688 0.127778
0 0.176563 0.857639 0.110937 0.168056
0 0.401172 0.363194 0.091406 0.118056
