0 0.291596 0.143556 0.094531 0.084722
0 0.284292 0.338886 0.076563 0.113889
0 0.553405 0.607206 0.061719 0.108333
0 0.659661 0.881992 0.091406 0.161111
0 0.755110 0.855707 0.099219 0.163889
0 0.884462 0.931112 0.124219 0.140278
0 0.433977 0.937546 0.084375 0.113889
0 0.539961 0.912228 0.067188 0.098611
0 0.281554 0.917502 0.065625 0.169444
0 0.353806 0.863742 0.064844 0.165278
0 0.423496 0.815454 0.054688 0.127778
0 0.174405 0.874398 0.110937 0.168056
0 0.543260 0.811058 0.097656 0.138889
0 0.403536 0.112203 0.075781 0.147222
