0 0.553402 0.607214 0.061719 0.108333
0 0.389489 0.511733 0.085156 0.127778
0 0.194178 0.857019 0.130469 0.152778
0 0.292487 0.169706 0.094531 0.084722
0 0.284388 0.338856 0.076563 0.113889
0 0.553402 0.607213 0.061719 0.108333
0 0.555950 0.799322 0.100000 0.141667
0 0.659812 0.881876 0.091406 0.161111
0 0.751144 0.861360 0.099219 0.163889
0 0.883264 0.900285 0.124219 0.140278
0 0.419999 0.940477 0.084375 0.113889
0 0.550738 0.918909 0.067188 0.098611
0 0.292347 0.915949 0.065625 0.169444
0 0.361510 0.864422 0.064844 0.165278
0 0.423438 0.815278 0.054688 0.127778
