0 0.291414 0.145319 0.094531 0.084722
0 0.284346 0.338652 0.076563 0.113889
0 0.559865 0.614770 0.061719 0.108333
0 0.633352 0.837522 0.091406 0.161111
0 0.870965 0.931597 0.124219 0.140278
0 0.370036 0.931429 0.084375 0.113889
0 0.482449 0.913154 0.067188 0.098611
0 0.292103 0.878197 0.064844 0.165278
0 0.149453 0.850975 0.110937 0.168056
0 0.489739 0.787611 0.097656 0.138889
0 0.747665 0.860191 0.090625 0.141667
0 0.766363 0.953369 0.086719 0.090278
0 0.363672 0.804167 0.063281 0.138889
0 0.221875 0.934722 0.068750 0.127778
