0 0.292526 0.170017 0.094531 0.084722
0 0.284362 0.338846 0.076563 0.113889
0 0.553377 0.607257 0.061719 0.108333
0 0.401085 0.418525 0.085156 0.127778
0 0.194195 0.856846 0.130469 0.152778
0 0.292526 0.170017 0.094531 0.084722
0 0.284362 0.338847 0.076563 0.113889
0 0.553377 0.607258 0.061719 0.108333
0 0.557009 0.799059 0.100000 0.141667
0 0.659757 0.881925 0.091406 0.161111
0 0.755094 0.855683 0.099219 0.163889
0 0.883497 0.900387 0.124219 0.140278
0 0.434000 0.937382 0.084375 0.113889
0 0.539849 0.909437 0.067188 0.098611
0 0.292452 0.916030 0.065625 0.169444
0 0.361529 0.864773 0.064844 0.165278
0 0.423535 0.815412 0.054688 0.127778
