0 0.553442 0.607098 0.061719 0.108333
0 0.291282 0.155171 0.094531 0.084722
0 0.284358 0.338744 0.076563 0.113889
0 0.553443 0.607097 0.061719 0.108333
0 0.659732 0.882002 0.091406 0.161111
0 0.755115 0.855861 0.099219 0.163889
0 0.883472 0.900350 0.124219 0.140278
0 0.434018 0.937462 0.084375 0.113889
0 0.539889 0.912137 0.067188 0.098611
0 0.292484 0.916028 0.065625 0.169444
0 0.361694 0.865106 0.064844 0.165278
0 0.423372 0.815360 0.054688 0.127778
0 0.176492 0.857649 0.110937 0.168056
0 0.407194 0.260949 0.091406 0.118056
0 0.545703 0.801389 0.097656 0.138889
