0 0.292078 0.167105 0.094531 0.084722
0 0.284376 0.338869 0.076563 0.113889
0 0.553458 0.607080 0.061719 0.108333
0 0.553316 0.802070 0.100000 0.141667
0 0.659726 0.881925 0.091406 0.161111
0 0.751153 0.861416 0.099219 0.163889
0 0.904396 0.930773 0.124219 0.140278
0 0.419907 0.940178 0.084375 0.113889
0 0.550784 0.918914 0.067188 0.098611
0 0.292328 0.916060 0.065625 0.169444
0 0.361479 0.864028 0.064844 0.165278
0 0.425781 0.813889 0.073437 0.125000
0 0.381641 0.545833 0.085156 0.127778
0 0.194141 0.856944 0.130469 0.152778
