0 0.553412 0.607145 0.061719 0.108333
0 0.291466 0.144483 0.094531 0.084722
0 0.284296 0.338824 0.076563 0.113889
0 0.553412 0.607145 0.061719 0.108333
0 0.659766 0.881906 0.091406 0.161111
0 0.755086 0.855857 0.099219 0.163889
0 0.884372 0.931042 0.124219 0.140278
0 0.434053 0.937428 0.084375 0.113889
0 0.539824 0.912240 0.067188 0.098611
0 0.281532 0.917576 0.065625 0.169444
0 0.353789 0.863728 0.064844 0.165278
0 0.423395 0.815474 0.054688 0.127778
0 0.174277 0.874340 0.110937 0.168056
0 0.542979 0.801068 0.097656 0.138889
0 0.398828 0.225000 0.075781 0.147222
