0 0.291804 0.144100 0.094531 0.084722
0 0.284340 0.338891 0.076563 0.113889
0 0.553443 0.607123 0.061719 0.108333
0 0.659801 0.881913 0.091406 0.161111
0 0.754991 0.856001 0.099219 0.163889
0 0.884454 0.931158 0.124219 0.140278
0 0.434041 0.937521 0.084375 0.113889
0 0.539806 0.912135 0.067188 0.098611
0 0.258887 0.917690 0.065625 0.169444
0 0.353786 0.877903 0.064844 0.165278
0 0.423448 0.815523 0.054688 0.127778
0 0.174229 0.874417 0.110937 0.168056
0 0.542505 0.810700 0.097656 0.138889
0 0.369922 0.008333 0.000781 0.016667
0 0.416797 0.085417 0.086719 0.151389
