0 0.284338 0.338708 0.076563 0.113889
0 0.559848 0.614686 0.061719 0.108333
0 0.564224 0.795502 0.091406 0.161111
0 0.821768 0.915955 0.124219 0.140278
0 0.311944 0.943766 0.084375 0.113889
0 0.107307 0.864946 0.110937 0.168056
0 0.674183 0.842660 0.090625 0.141667
0 0.220435 0.893037 0.095312 0.155556
0 0.298982 0.825123 0.078125 0.126389
0 0.412525 0.800118 0.081250 0.191667
0 0.469049 0.918839 0.053906 0.165278
0 0.295648 0.112632 0.098438 0.109722
0 0.671484 0.950694 0.103906 0.093056
0 0.937500 0.870139 0.114063 0.179167
