0 0.300196 0.135489 0.094531 0.084722
0 0.284349 0.338870 0.076563 0.113889
0 0.553464 0.607115 0.061719 0.108333
0 0.553062 0.801069 0.100000 0.141667
0 0.659739 0.881868 0.091406 0.161111
0 0.751182 0.861472 0.099219 0.163889
0 0.904360 0.930926 0.124219 0.140278
0 0.416549 0.814738 0.050000 0.134722
0 0.437919 0.940822 0.084375 0.113889
0 0.550848 0.918894 0.067188 0.098611
0 0.208705 0.877070 0.089062 0.154167
0 0.334597 0.689830 0.110156 0.123611
0 0.360938 0.866667 0.065625 0.169444
0 0.293359 0.913194 0.064844 0.165278
