0 0.284335 0.338665 0.076563 0.113889
0 0.559634 0.614728 0.061719 0.108333
0 0.562031 0.807493 0.091406 0.161111
0 0.821813 0.915867 0.124219 0.140278
0 0.311815 0.943860 0.084375 0.113889
0 0.107248 0.864959 0.110937 0.168056
0 0.674145 0.842777 0.090625 0.141667
0 0.220342 0.893138 0.095312 0.155556
0 0.298957 0.825146 0.078125 0.126389
0 0.412704 0.799990 0.081250 0.191667
0 0.469049 0.918734 0.053906 0.165278
0 0.294287 0.114035 0.098438 0.109722
0 0.688494 0.953275 0.103906 0.093056
0 0.937397 0.870163 0.114063 0.179167
