0 0.689807 0.172165 0.070312 0.163889
0 0.767252 0.178571 0.092188 0.134722
0 0.237093 0.435508 0.119531 0.148611
0 0.137832 0.454814 0.080469 0.123611
0 0.457404 0.494133 0.069531 0.133333
0 0.562979 0.502693 0.067969 0.127778
0 0.558488 0.620792 0.085938 0.130556
0 0.625110 0.687116 0.080469 0.147222
0 0.892271 0.565441 0.136719 0.156944
0 0.216104 0.536131 0.128906 0.081944
0 0.650734 0.521505 0.132812 0.120833
0 0.750033 0.477729 0.092188 0.161111
0 0.404981 0.532156 0.060156 0.141667
0 0.332287 0.611876 0.109375 0.129167
0 0.313734 0.458252 0.091406 0.088889
0 0.445703 0.638194 0.085156 0.134722
