0 0.690003 0.172361 0.070312 0.163889
0 0.772013 0.186276 0.091406 0.130556
0 0.556652 0.450407 0.066406 0.144444
0 0.614706 0.424270 0.065625 0.126389
0 0.462852 0.513141 0.080469 0.120833
0 0.170593 0.445755 0.182031 0.116667
0 0.287439 0.539168 0.108594 0.140278
0 0.292242 0.402664 0.101562 0.130556
0 0.680241 0.449153 0.071875 0.154167
0 0.794473 0.383120 0.148438 0.136111
0 0.671501 0.549601 0.117969 0.129167
0 0.416372 0.589703 0.081250 0.120833
0 0.134846 0.547021 0.153906 0.133333
0 0.822656 0.553472 0.128125 0.126389
