0 0.689843 0.172223 0.070312 0.163889
0 0.642556 0.496383 0.089844 0.123611
0 0.541437 0.508930 0.082813 0.145833
0 0.508721 0.633966 0.085938 0.105556
0 0.771363 0.171103 0.092188 0.134722
0 0.743398 0.484003 0.125781 0.168056
0 0.277777 0.431862 0.100781 0.116667
0 0.166389 0.426391 0.129688 0.119444
0 0.455523 0.523556 0.073437 0.130556
0 0.628637 0.605722 0.084375 0.129167
0 0.718255 0.659148 0.113281 0.137500
0 0.278125 0.581944 0.131250 0.125000
0 0.364844 0.459028 0.100000 0.126389
0 0.841016 0.556944 0.100781 0.108333
