0 0.584506 0.416557 0.084375 0.169444
0 0.676631 0.411552 0.079687 0.175000
0 0.902674 0.542165 0.100000 0.144444
0 0.523211 0.716676 0.074219 0.152778
0 0.976789 0.749331 0.045313 0.134722
0 0.594316 0.115116 0.086719 0.163889
0 0.133051 0.133413 0.061719 0.093056
0 0.043920 0.141135 0.076563 0.166667
0 0.882831 0.750528 0.089844 0.126389
0 0.119927 0.330541 0.124219 0.122222
0 0.188890 0.463972 0.096875 0.113889
0 0.110825 0.463778 0.087500 0.111111
0 0.294958 0.171045 0.063281 0.088889
0 0.172661 0.665162 0.114844 0.163889
0 0.153770 0.933534 0.133594 0.125000
0 0.032734 0.329081 0.056250 0.137500
0 0.457812 0.115972 0.110937 0.176389
0 0.331250 0.388889 0.107813 0.150000
0 0.916797 0.107639 0.103906 0.170833
