0 0.292907 0.331834 0.112500 0.144444
0 0.565164 0.616651 0.096875 0.161111
0 0.759617 0.872394 0.092188 0.141667
0 0.311042 0.134730 0.091406 0.120833
0 0.168253 0.870296 0.110156 0.148611
0 0.292908 0.331834 0.112500 0.144444
0 0.565165 0.616648 0.096875 0.161111
0 0.759620 0.872396 0.092188 0.141667
0 0.311043 0.134729 0.091406 0.120833
0 0.168254 0.870297 0.110156 0.148611
0 0.289344 0.866709 0.066406 0.161111
0 0.292907 0.331834 0.112500 0.144444
0 0.565165 0.616648 0.096875 0.161111
0 0.759617 0.872395 0.092188 0.141667
0 0.311042 0.134730 0.091406 0.120833
0 0.168254 0.870296 0.110156 0.148611
0 0.292907 0.331834 0.112500 0.144444
0 0.565165 0.616648 0.096875 0.161111
0 0.759620 0.872396 0.092188 0.141667
0 0.311042 0.134729 0.091406 0.120833
0 0.168251 0.870297 0.110156 0.148611
0 0.289344 0.866708 0.066406 0.161111
0 0.875224 0.911378 0.115625 0.166667
0 0.481159 0.776299 0.087500 0.130556
0 0.486239 0.920085 0.063281 0.109722
0 0.383405 0.932807 0.075781 0.120833
0 0.627695 0.861807 0.082031 0.190278
0 0.366016 0.805556 0.074219 0.141667
