0 0.690956 0.336312 0.107031 0.133333
0 0.694363 0.471077 0.098438 0.115278
0 0.157697 0.357808 0.119531 0.108333
0 0.513821 0.445994 0.086719 0.137500
0 0.500754 0.613968 0.087500 0.154167
0 0.690957 0.336311 0.107031 0.133333
0 0.694361 0.471078 0.098438 0.115278
0 0.157692 0.357808 0.119531 0.108333
0 0.513823 0.445995 0.086719 0.137500
0 0.499426 0.614762 0.087500 0.154167
0 0.130634 0.401372 0.149219 0.086111
0 0.410997 0.398230 0.084375 0.136111
0 0.357891 0.540585 0.100000 0.119444
0 0.786966 0.292791 0.078906 0.113889
0 0.049343 0.320871 0.087500 0.116667
0 0.271085 0.411936 0.104687 0.148611
0 0.591797 0.289583 0.102344 0.226389
