0 0.757008 0.195711 0.093750 0.155556
0 0.080403 0.200509 0.075000 0.093056
0 0.216001 0.467627 0.128125 0.106944
0 0.243427 0.600785 0.104687 0.123611
0 0.372490 0.616286 0.097656 0.087500
0 0.371761 0.520692 0.087500 0.105556
0 0.475807 0.457589 0.078125 0.090278
0 0.465397 0.583520 0.071875 0.113889
0 0.569109 0.524832 0.071875 0.095833
0 0.614039 0.429922 0.082813 0.109722
0 0.701015 0.425869 0.082031 0.104167
0 0.692205 0.541615 0.085938 0.109722
0 0.814298 0.610934 0.110156 0.098611
0 0.755205 0.661535 0.091406 0.122222
0 0.809315 0.526868 0.129688 0.105556
0 0.126556 0.538762 0.107813 0.080556
0 0.800781 0.372222 0.117188 0.136111
0 0.941406 0.097222 0.112500 0.177778
