0 0.691105 0.336400 0.107031 0.133333
0 0.695500 0.470683 0.098438 0.115278
0 0.157483 0.357958 0.119531 0.108333
0 0.513664 0.446300 0.086719 0.137500
0 0.500892 0.613535 0.087500 0.154167
0 0.691105 0.336398 0.107031 0.133333
0 0.695498 0.470684 0.098438 0.115278
0 0.157479 0.357957 0.119531 0.108333
0 0.513665 0.446300 0.086719 0.137500
0 0.499377 0.614382 0.087500 0.154167
0 0.139678 0.437260 0.149219 0.086111
0 0.411020 0.398405 0.084375 0.136111
0 0.050352 0.318680 0.093750 0.108333
0 0.276119 0.430580 0.108594 0.130556
0 0.367502 0.559569 0.100000 0.119444
0 0.787060 0.292515 0.078906 0.113889
