0 0.689936 0.172286 0.070312 0.163889
0 0.449979 0.610467 0.092188 0.106944
0 0.598886 0.524340 0.116406 0.118056
0 0.770389 0.186112 0.091406 0.130556
0 0.665957 0.453155 0.094531 0.136111
0 0.820646 0.553735 0.147656 0.123611
0 0.553045 0.658274 0.088281 0.116667
0 0.742911 0.429842 0.075000 0.159722
0 0.448800 0.499511 0.078906 0.134722
0 0.107605 0.538714 0.132031 0.119444
0 0.194527 0.462526 0.110937 0.111111
0 0.284304 0.469413 0.079687 0.122222
0 0.359416 0.452701 0.079687 0.130556
0 0.348809 0.595761 0.100781 0.115278
0 0.825000 0.445833 0.095312 0.113889
