0 0.584717 0.407454 0.078125 0.156944
0 0.659876 0.416233 0.061719 0.168056
0 0.900304 0.553800 0.104687 0.144444
0 0.902157 0.741249 0.104687 0.170833
0 0.216113 0.063360 0.120312 0.123611
0 0.597677 0.119943 0.085938 0.177778
0 0.177819 0.649881 0.114063 0.173611
0 0.173222 0.323570 0.079687 0.118056
0 0.197673 0.439297 0.115625 0.118056
0 0.091673 0.453930 0.089844 0.123611
0 0.114877 0.315363 0.050781 0.137500
0 0.525842 0.715309 0.085938 0.163889
0 0.929181 0.114745 0.090625 0.154167
0 0.147329 0.845845 0.143750 0.144444
