0 0.292976 0.331987 0.112500 0.144444
0 0.308207 0.139517 0.098438 0.112500
0 0.565065 0.616568 0.096875 0.161111
0 0.729360 0.911917 0.097656 0.154167
0 0.824073 0.866053 0.107031 0.150000
0 0.947595 0.928417 0.102344 0.134722
0 0.209353 0.861732 0.098438 0.129167
0 0.834422 0.960458 0.106250 0.070833
0 0.354701 0.867290 0.067188 0.156944
0 0.540551 0.917544 0.068750 0.147222
0 0.295725 0.932269 0.061719 0.126389
0 0.580459 0.797342 0.073437 0.152778
0 0.441016 0.948769 0.092969 0.088889
0 0.416887 0.826357 0.061719 0.141667
