0 0.584757 0.407471 0.078125 0.156944
0 0.659771 0.409886 0.061719 0.168056
0 0.598595 0.119961 0.085938 0.177778
0 0.166292 0.646794 0.114063 0.173611
0 0.108693 0.448683 0.089844 0.123611
0 0.525940 0.715448 0.085938 0.163889
0 0.922149 0.114632 0.090625 0.154167
0 0.196987 0.454673 0.092969 0.129167
0 0.964729 0.757195 0.064062 0.155556
0 0.908187 0.553422 0.110937 0.125000
0 0.180691 0.317472 0.083594 0.115278
0 0.105930 0.307054 0.061719 0.105556
0 0.088210 0.905751 0.132031 0.169444
0 0.167187 0.099449 0.050781 0.098611
0 0.073748 0.090668 0.142969 0.144444
0 0.422266 0.107639 0.055469 0.123611
0 0.248047 0.107639 0.117969 0.162500
0 0.360547 0.281944 0.113281 0.150000
