0 0.584667 0.407538 0.078125 0.156944
0 0.661026 0.416242 0.061719 0.168056
0 0.921695 0.096524 0.104687 0.155556
0 0.901045 0.553899 0.104687 0.144444
0 0.902866 0.744560 0.104687 0.170833
0 0.216488 0.063165 0.120312 0.123611
0 0.125467 0.050885 0.061719 0.100000
0 0.597886 0.116682 0.085938 0.177778
0 0.177429 0.649262 0.114063 0.173611
0 0.105861 0.305047 0.066406 0.147222
0 0.101832 0.419477 0.085938 0.144444
0 0.175117 0.324220 0.079687 0.118056
0 0.206181 0.458397 0.115625 0.118056
0 0.520589 0.736903 0.096094 0.145833
0 0.166732 0.895266 0.142969 0.206944
