0 0.292866 0.331603 0.112500 0.144444
0 0.565450 0.617152 0.096875 0.161111
0 0.306849 0.153755 0.091406 0.120833
0 0.292866 0.331602 0.112500 0.144444
0 0.565457 0.617155 0.096875 0.161111
0 0.306875 0.153734 0.091406 0.120833
0 0.292866 0.331602 0.112500 0.144444
0 0.565450 0.617152 0.096875 0.161111
0 0.306855 0.153752 0.091406 0.120833
0 0.292866 0.331602 0.112500 0.144444
0 0.565453 0.617141 0.096875 0.161111
0 0.306858 0.153747 0.091406 0.120833
0 0.421750 0.801906 0.073437 0.156944
0 0.680541 0.848117 0.104687 0.143056
0 0.916060 0.860164 0.124219 0.159722
0 0.799636 0.877785 0.105469 0.194444
0 0.684661 0.951504 0.089844 0.094444
0 0.574967 0.798405 0.062500 0.163889
0 0.433567 0.931644 0.082813 0.130556
0 0.155092 0.839674 0.121094 0.120833
0 0.241797 0.837500 0.096094 0.130556
