0 0.756987 0.195344 0.093750 0.155556
0 0.080696 0.200598 0.075000 0.093056
0 0.372330 0.616464 0.097656 0.087500
0 0.371679 0.520652 0.087500 0.105556
0 0.475908 0.457522 0.078125 0.090278
0 0.613935 0.429816 0.082813 0.109722
0 0.755298 0.663472 0.091406 0.122222
0 0.800857 0.372135 0.117188 0.136111
0 0.808758 0.495286 0.114063 0.105556
0 0.932466 0.462684 0.132031 0.091667
0 0.461265 0.591910 0.081250 0.111111
0 0.808957 0.608704 0.103125 0.109722
0 0.558256 0.508343 0.074219 0.102778
0 0.176193 0.595859 0.169531 0.102778
0 0.690138 0.518858 0.085938 0.104167
0 0.676922 0.388388 0.078906 0.123611
