0 0.689780 0.172258 0.070312 0.163889
0 0.642486 0.496902 0.089844 0.123611
0 0.541389 0.508896 0.082813 0.145833
0 0.770981 0.172919 0.092188 0.134722
0 0.743431 0.483821 0.125781 0.168056
0 0.628933 0.604815 0.084375 0.129167
0 0.739538 0.663553 0.113281 0.137500
0 0.846095 0.565175 0.100781 0.108333
0 0.441026 0.522333 0.071094 0.144444
0 0.483242 0.599878 0.074219 0.105556
0 0.336622 0.490082 0.084375 0.119444
0 0.237107 0.435498 0.119531 0.148611
0 0.129280 0.424234 0.091406 0.095833
0 0.095312 0.614583 0.151562 0.137500
0 0.271484 0.599306 0.146094 0.159722
