0 0.703309 0.194086 0.075781 0.154167
0 0.774183 0.203524 0.079687 0.105556
0 0.413624 0.384767 0.067188 0.116667
0 0.370381 0.474983 0.085938 0.111111
0 0.564518 0.468161 0.075781 0.113889
0 0.660163 0.444346 0.065625 0.066667
0 0.652023 0.387316 0.088281 0.094444
0 0.749707 0.609075 0.101562 0.104167
0 0.891499 0.595620 0.117188 0.125000
0 0.814175 0.482470 0.085938 0.129167
0 0.147627 0.549275 0.128906 0.076389
0 0.720336 0.511030 0.096875 0.105556
0 0.647020 0.629770 0.100000 0.126389
0 0.474996 0.354110 0.084375 0.119444
0 0.467385 0.476916 0.076563 0.109722
0 0.069107 0.485953 0.100781 0.100000
0 0.225000 0.470833 0.098438 0.102778
0 0.189453 0.659028 0.147656 0.109722
