0 0.756813 0.182905 0.082813 0.147222
0 0.680224 0.416237 0.075781 0.100000
0 0.921951 0.427763 0.143750 0.141667
0 0.794905 0.439529 0.108594 0.140278
0 0.436687 0.436839 0.093750 0.143056
0 0.139858 0.485438 0.107813 0.109722
0 0.525380 0.433449 0.064844 0.188889
0 0.090895 0.592617 0.157031 0.120833
0 0.331643 0.409893 0.094531 0.150000
0 0.213652 0.442382 0.133594 0.098611
0 0.872022 0.599295 0.154687 0.134722
0 0.403057 0.578748 0.102344 0.131944
0 0.242935 0.564769 0.125000 0.129167
0 0.661719 0.520139 0.101562 0.101389
