0 0.692231 0.425533 0.114063 0.115278
0 0.747625 0.207472 0.121875 0.154167
0 0.582517 0.456349 0.095312 0.140278
0 0.588052 0.632656 0.097656 0.143056
0 0.365990 0.557585 0.122656 0.127778
0 0.237413 0.499850 0.098438 0.136111
0 0.479766 0.472437 0.071875 0.155556
0 0.344877 0.425071 0.099219 0.111111
0 0.829774 0.491697 0.104687 0.133333
0 0.923013 0.413903 0.147656 0.122222
0 0.722506 0.547283 0.135937 0.102778
0 0.749697 0.651937 0.145313 0.120833
0 0.052173 0.388268 0.096094 0.081944
0 0.138338 0.454671 0.095312 0.137500
0 0.083203 0.574306 0.163281 0.120833
