0 0.292881 0.331690 0.112500 0.144444
0 0.565429 0.616717 0.096875 0.161111
0 0.301217 0.125531 0.091406 0.120833
0 0.292882 0.331689 0.112500 0.144444
0 0.565437 0.616711 0.096875 0.161111
0 0.301225 0.125524 0.091406 0.120833
0 0.292881 0.331689 0.112500 0.144444
0 0.565429 0.616717 0.096875 0.161111
0 0.301220 0.125530 0.091406 0.120833
0 0.292881 0.331689 0.112500 0.144444
0 0.565435 0.616706 0.096875 0.161111
0 0.301220 0.125528 0.091406 0.120833
0 0.222157 0.884077 0.053906 0.176389
0 0.421839 0.801894 0.073437 0.156944
0 0.109433 0.863909 0.131250 0.144444
0 0.307403 0.943909 0.102344 0.094444
0 0.472712 0.905558 0.046875 0.161111
0 0.680557 0.847884 0.104687 0.143056
0 0.676911 0.940990 0.110156 0.115278
0 0.559089 0.794007 0.075000 0.161111
0 0.810127 0.900230 0.118750 0.191667
0 0.294503 0.826439 0.078125 0.136111
0 0.916016 0.859028 0.124219 0.159722
