0 0.568271 0.450813 0.075781 0.113889
0 0.688334 0.175195 0.076563 0.156944
0 0.769415 0.175131 0.050781 0.091667
0 0.635499 0.602818 0.091406 0.122222
0 0.182965 0.577567 0.135937 0.100000
0 0.378131 0.363921 0.082813 0.130556
0 0.882278 0.597962 0.096875 0.125000
0 0.446199 0.468990 0.085156 0.097222
0 0.656634 0.395178 0.078906 0.076389
0 0.651557 0.448657 0.051562 0.040278
0 0.694745 0.534801 0.067969 0.079167
0 0.727261 0.621401 0.089062 0.112500
0 0.805941 0.542569 0.087500 0.104167
0 0.307021 0.494329 0.112500 0.130556
0 0.472251 0.379926 0.092969 0.123611
