0 0.689817 0.172204 0.070312 0.163889
0 0.770847 0.175561 0.092188 0.134722
0 0.237098 0.435508 0.119531 0.148611
0 0.137879 0.454861 0.080469 0.123611
0 0.319024 0.472651 0.086719 0.119444
0 0.457372 0.494548 0.069531 0.133333
0 0.575867 0.621448 0.082031 0.127778
0 0.243966 0.565270 0.121875 0.137500
0 0.649123 0.692674 0.102344 0.127778
0 0.454168 0.629525 0.089844 0.123611
0 0.562857 0.502859 0.067969 0.127778
0 0.402207 0.525000 0.046875 0.133333
0 0.246073 0.669044 0.102344 0.105556
0 0.120112 0.664438 0.131250 0.113889
0 0.659375 0.527083 0.118750 0.129167
0 0.766016 0.477083 0.117969 0.112500
0 0.918359 0.414583 0.130469 0.093056
