0 0.292947 0.331891 0.112500 0.144444
0 0.565282 0.616819 0.096875 0.161111
0 0.670822 0.890987 0.094531 0.176389
0 0.759594 0.872307 0.092188 0.141667
0 0.307692 0.141540 0.091406 0.120833
0 0.168389 0.870280 0.110156 0.148611
0 0.292948 0.331891 0.112500 0.144444
0 0.565282 0.616811 0.096875 0.161111
0 0.670822 0.890987 0.094531 0.176389
0 0.759596 0.872309 0.092188 0.141667
0 0.307693 0.141539 0.091406 0.120833
0 0.168390 0.870280 0.110156 0.148611
0 0.289337 0.866582 0.066406 0.161111
0 0.504389 0.777540 0.091406 0.166667
0 0.500201 0.922534 0.076563 0.116667
0 0.292947 0.331891 0.112500 0.144444
0 0.565282 0.616814 0.096875 0.161111
0 0.670821 0.890987 0.094531 0.176389
0 0.759594 0.872308 0.092188 0.141667
0 0.307692 0.141540 0.091406 0.120833
0 0.168389 0.870280 0.110156 0.148611
0 0.292947 0.331891 0.112500 0.144444
0 0.565281 0.616809 0.096875 0.161111
0 0.670821 0.890987 0.094531 0.176389
0 0.759596 0.872308 0.092188 0.141667
0 0.307692 0.141539 0.091406 0.120833
0 0.168388 0.870281 0.110156 0.148611
0 0.289336 0.866581 0.066406 0.161111
0 0.387407 0.928534 0.106250 0.087500
0 0.369141 0.812500 0.078906 0.147222
0 0.875000 0.911111 0.115625 0.166667
