0 0.689946 0.172309 0.070312 0.163889
0 0.773502 0.189818 0.091406 0.130556
0 0.556664 0.450086 0.066406 0.144444
0 0.614730 0.424169 0.065625 0.126389
0 0.462861 0.513118 0.080469 0.120833
0 0.170647 0.445783 0.182031 0.116667
0 0.687895 0.465192 0.083594 0.105556
0 0.791737 0.397390 0.133594 0.105556
0 0.405062 0.636345 0.119531 0.155556
0 0.829874 0.558005 0.153125 0.144444
0 0.659656 0.570446 0.103906 0.155556
0 0.289358 0.538884 0.108594 0.140278
0 0.292042 0.402520 0.101562 0.130556
0 0.147656 0.575694 0.162500 0.123611
