0 0.284206 0.484872 0.088281 0.120833
0 0.178102 0.447212 0.093750 0.133333
0 0.066820 0.484976 0.133594 0.102778
0 0.520544 0.390026 0.078125 0.144444
0 0.610574 0.411353 0.103906 0.172222
0 0.575509 0.553472 0.078906 0.147222
0 0.723405 0.512380 0.104687 0.150000
0 0.827903 0.518487 0.096875 0.112500
0 0.781681 0.409403 0.117969 0.097222
0 0.898825 0.362129 0.128906 0.172222
0 0.806441 0.186747 0.042188 0.137500
0 0.760944 0.193026 0.060938 0.150000
0 0.691012 0.186844 0.088281 0.187500
0 0.297656 0.361111 0.100000 0.133333
0 0.058984 0.629167 0.111719 0.147222
0 0.405078 0.415278 0.082031 0.158333
0 0.389844 0.545139 0.090625 0.101389
