0 0.564596 0.468229 0.075781 0.113889
0 0.660328 0.444215 0.065625 0.066667
0 0.652042 0.387167 0.088281 0.094444
0 0.720383 0.510848 0.096875 0.105556
0 0.928937 0.584685 0.113281 0.129167
0 0.751128 0.603725 0.110156 0.118056
0 0.815249 0.527107 0.083594 0.120833
0 0.480515 0.357896 0.090625 0.129167
0 0.694070 0.186278 0.076563 0.156944
0 0.444966 0.489464 0.064844 0.091667
0 0.760358 0.177286 0.050781 0.091667
0 0.385971 0.389421 0.065625 0.109722
0 0.109064 0.634672 0.130469 0.100000
0 0.205445 0.543755 0.129688 0.098611
0 0.323326 0.468642 0.093750 0.120833
0 0.617948 0.606919 0.079687 0.127778
