0 0.757080 0.195844 0.093750 0.155556
0 0.080368 0.200471 0.075000 0.093056
0 0.372343 0.616356 0.097656 0.087500
0 0.371751 0.520581 0.087500 0.105556
0 0.475868 0.457526 0.078125 0.090278
0 0.568823 0.523953 0.071875 0.095833
0 0.614025 0.429864 0.082813 0.109722
0 0.701119 0.425736 0.082031 0.104167
0 0.755157 0.661594 0.091406 0.122222
0 0.800881 0.372196 0.117188 0.136111
0 0.154136 0.577413 0.138281 0.098611
0 0.804225 0.599517 0.095312 0.094444
0 0.808652 0.498227 0.114063 0.105556
0 0.173075 0.470858 0.172656 0.119444
0 0.932459 0.462628 0.132031 0.091667
0 0.679373 0.517715 0.085156 0.094444
0 0.463281 0.583333 0.081250 0.111111
