0 0.689943 0.172289 0.070312 0.163889
0 0.922089 0.558681 0.121094 0.130556
0 0.306946 0.470197 0.095312 0.131944
0 0.216795 0.488553 0.105469 0.127778
0 0.334942 0.588778 0.139062 0.115278
0 0.367400 0.485323 0.086719 0.109722
0 0.455320 0.614369 0.092188 0.106944
0 0.464940 0.479818 0.092188 0.137500
0 0.129276 0.454071 0.096094 0.150000
0 0.815820 0.475635 0.085938 0.179167
0 0.565234 0.663194 0.094531 0.148611
0 0.598828 0.524306 0.116406 0.118056
0 0.708203 0.480556 0.096094 0.136111
0 0.771484 0.186111 0.091406 0.130556
