0 0.584786 0.407379 0.078125 0.156944
0 0.669932 0.415336 0.061719 0.168056
0 0.598248 0.120847 0.085938 0.177778
0 0.164812 0.650141 0.114063 0.173611
0 0.525951 0.715468 0.085938 0.163889
0 0.926782 0.114925 0.090625 0.154167
0 0.970950 0.751569 0.064062 0.155556
0 0.907880 0.553208 0.110937 0.125000
0 0.088061 0.905703 0.132031 0.169444
0 0.146583 0.105178 0.050781 0.098611
0 0.083951 0.448477 0.075781 0.129167
0 0.189536 0.454015 0.096094 0.109722
0 0.223770 0.122084 0.102344 0.137500
0 0.119686 0.324429 0.045313 0.076389
0 0.171504 0.291531 0.042188 0.100000
0 0.335885 0.368218 0.065625 0.111111
0 0.929432 0.852786 0.126563 0.150000
0 0.239341 0.341030 0.125000 0.131944
0 0.055469 0.082639 0.104687 0.120833
