0 0.696396 0.179822 0.075781 0.154167
0 0.408955 0.467319 0.074219 0.134722
0 0.666163 0.474295 0.082031 0.134722
0 0.265087 0.428076 0.113281 0.113889
0 0.753660 0.377830 0.099219 0.083333
0 0.564817 0.338150 0.078125 0.126389
0 0.735990 0.461174 0.067188 0.086111
0 0.475759 0.488329 0.071875 0.115278
0 0.832417 0.600701 0.110156 0.104167
0 0.811392 0.506817 0.107031 0.102778
0 0.562805 0.480382 0.064062 0.095833
0 0.516794 0.407281 0.064844 0.101389
0 0.717851 0.581880 0.106250 0.104167
0 0.796071 0.170858 0.060938 0.108333
0 0.180469 0.505556 0.121875 0.105556
0 0.316797 0.515972 0.085156 0.106944
0 0.350000 0.625694 0.090625 0.156944
