0 0.689810 0.172234 0.070312 0.163889
0 0.642508 0.496632 0.089844 0.123611
0 0.541425 0.508937 0.082813 0.145833
0 0.771342 0.171791 0.092188 0.134722
0 0.743293 0.483956 0.125781 0.168056
0 0.629166 0.605664 0.084375 0.129167
0 0.739599 0.660984 0.113281 0.137500
0 0.841439 0.557378 0.100781 0.108333
0 0.441039 0.522069 0.071094 0.144444
0 0.483317 0.600076 0.074219 0.105556
0 0.152000 0.438937 0.128906 0.080556
0 0.260591 0.413845 0.117969 0.113889
0 0.332404 0.490328 0.083594 0.119444
0 0.157813 0.541667 0.135937 0.102778
0 0.285156 0.588194 0.107813 0.104167
