0 0.107758 0.332282 0.062500 0.126389
0 0.584487 0.407312 0.078125 0.156944
0 0.662881 0.416161 0.061719 0.168056
0 0.921717 0.093057 0.104687 0.155556
0 0.901645 0.554035 0.104687 0.144444
0 0.903858 0.746064 0.104687 0.170833
0 0.216731 0.062815 0.120312 0.123611
0 0.124843 0.051124 0.061719 0.100000
0 0.226654 0.927234 0.115625 0.143056
0 0.184551 0.329936 0.081250 0.104167
0 0.351357 0.916347 0.110156 0.163889
0 0.597225 0.116701 0.085938 0.177778
0 0.088046 0.429711 0.076563 0.126389
0 0.161492 0.467892 0.088281 0.152778
0 0.167992 0.651646 0.112500 0.173611
0 0.687500 0.889583 0.139062 0.184722
