0 0.759828 0.201464 0.082813 0.147222
0 0.680262 0.416296 0.075781 0.100000
0 0.921978 0.427818 0.143750 0.141667
0 0.868366 0.601400 0.157031 0.116667
0 0.794880 0.439613 0.108594 0.140278
0 0.436658 0.436847 0.093750 0.143056
0 0.261987 0.553293 0.138281 0.104167
0 0.090619 0.584623 0.140625 0.122222
0 0.139764 0.485468 0.107813 0.109722
0 0.237886 0.456254 0.103906 0.101389
0 0.525379 0.433556 0.064844 0.188889
0 0.675036 0.497378 0.157813 0.105556
0 0.399527 0.583491 0.114063 0.130556
0 0.345695 0.415396 0.097656 0.144444
