0 0.689896 0.172344 0.070312 0.163889
0 0.772138 0.189160 0.091406 0.130556
0 0.493857 0.498245 0.076563 0.120833
0 0.639121 0.422972 0.065625 0.145833
0 0.704285 0.458522 0.078906 0.088889
0 0.691156 0.550633 0.138281 0.094444
0 0.570247 0.445643 0.073437 0.138889
0 0.468169 0.639173 0.094531 0.137500
0 0.155054 0.473499 0.069531 0.125000
0 0.256504 0.460392 0.124219 0.129167
0 0.872203 0.594984 0.161719 0.150000
0 0.864484 0.385044 0.135156 0.111111
0 0.075374 0.544246 0.128906 0.108333
0 0.322656 0.600694 0.114063 0.109722
0 0.353125 0.485417 0.071875 0.131944
0 0.126953 0.672222 0.175781 0.111111
