0 0.292961 0.331995 0.112500 0.144444
0 0.307379 0.134738 0.098438 0.112500
0 0.565107 0.616607 0.096875 0.161111
0 0.729415 0.912182 0.097656 0.154167
0 0.824219 0.865747 0.107031 0.150000
0 0.947860 0.928371 0.102344 0.134722
0 0.209344 0.861790 0.098438 0.129167
0 0.834523 0.960446 0.106250 0.070833
0 0.354842 0.867355 0.067188 0.156944
0 0.540661 0.918160 0.068750 0.147222
0 0.295680 0.932541 0.061719 0.126389
0 0.580369 0.797353 0.073437 0.152778
0 0.441154 0.948967 0.092969 0.088889
0 0.416778 0.826442 0.061719 0.141667
