0 0.759799 0.201976 0.082813 0.147222
0 0.680217 0.416275 0.075781 0.100000
0 0.921957 0.427650 0.143750 0.141667
0 0.868201 0.601274 0.157031 0.116667
0 0.794870 0.439588 0.108594 0.140278
0 0.436651 0.436839 0.093750 0.143056
0 0.261818 0.553274 0.138281 0.104167
0 0.090588 0.584722 0.140625 0.122222
0 0.139840 0.485371 0.107813 0.109722
0 0.237821 0.456152 0.103906 0.101389
0 0.525368 0.433588 0.064844 0.188889
0 0.671461 0.505612 0.157813 0.105556
0 0.399680 0.588838 0.114063 0.130556
0 0.345636 0.415238 0.097656 0.144444
