0 0.689934 0.172453 0.070312 0.163889
0 0.773382 0.190645 0.091406 0.130556
0 0.493797 0.498138 0.076563 0.120833
0 0.244538 0.480412 0.121875 0.138889
0 0.416185 0.631215 0.077344 0.148611
0 0.365483 0.474982 0.079687 0.133333
0 0.325660 0.563745 0.076563 0.125000
0 0.556684 0.450320 0.066406 0.144444
0 0.614795 0.424258 0.065625 0.126389
0 0.654281 0.568776 0.149219 0.122222
0 0.692193 0.472317 0.092188 0.105556
0 0.794068 0.407096 0.138281 0.119444
0 0.156582 0.552129 0.081250 0.131944
0 0.836805 0.567944 0.135156 0.156944
0 0.061719 0.597222 0.095312 0.136111
