0 0.692198 0.425726 0.114063 0.115278
0 0.747791 0.207301 0.121875 0.154167
0 0.582577 0.456452 0.095312 0.140278
0 0.589832 0.633886 0.097656 0.143056
0 0.368851 0.564180 0.122656 0.127778
0 0.237447 0.499864 0.098438 0.136111
0 0.479701 0.472389 0.071875 0.155556
0 0.344884 0.425007 0.099219 0.111111
0 0.829717 0.491759 0.104687 0.133333
0 0.923010 0.413855 0.147656 0.122222
0 0.722650 0.547272 0.135937 0.102778
0 0.140296 0.458598 0.100781 0.147222
0 0.749173 0.653713 0.145313 0.120833
0 0.051911 0.388497 0.096094 0.081944
0 0.075000 0.575000 0.150000 0.094444
