0 0.292893 0.331610 0.112500 0.144444
0 0.565325 0.616655 0.096875 0.161111
0 0.306976 0.152955 0.091406 0.120833
0 0.292894 0.331609 0.112500 0.144444
0 0.565333 0.616657 0.096875 0.161111
0 0.307001 0.152930 0.091406 0.120833
0 0.292893 0.331609 0.112500 0.144444
0 0.565325 0.616655 0.096875 0.161111
0 0.306981 0.152951 0.091406 0.120833
0 0.292893 0.331609 0.112500 0.144444
0 0.565328 0.616649 0.096875 0.161111
0 0.306984 0.152946 0.091406 0.120833
0 0.421744 0.802130 0.073437 0.156944
0 0.680451 0.848090 0.104687 0.143056
0 0.294389 0.826557 0.078125 0.136111
0 0.915980 0.859156 0.124219 0.159722
0 0.799623 0.877731 0.105469 0.194444
0 0.684598 0.951445 0.089844 0.094444
0 0.561442 0.802637 0.062500 0.163889
0 0.446094 0.928472 0.071875 0.129167
0 0.202734 0.872222 0.099219 0.166667
