0 0.691117 0.335625 0.107031 0.133333
0 0.694586 0.470902 0.098438 0.115278
0 0.157528 0.358048 0.119531 0.108333
0 0.513764 0.445995 0.086719 0.137500
0 0.500854 0.613963 0.087500 0.154167
0 0.691116 0.335624 0.107031 0.133333
0 0.694584 0.470904 0.098438 0.115278
0 0.157523 0.358048 0.119531 0.108333
0 0.513765 0.445997 0.086719 0.137500
0 0.499464 0.614732 0.087500 0.154167
0 0.136064 0.419969 0.149219 0.086111
0 0.411000 0.398562 0.084375 0.136111
0 0.359458 0.560478 0.100000 0.119444
0 0.787073 0.292861 0.078906 0.113889
0 0.049382 0.320830 0.087500 0.116667
0 0.271051 0.412004 0.104687 0.148611
0 0.632812 0.195139 0.134375 0.131944
