0 0.757890 0.182761 0.082813 0.147222
0 0.680301 0.416210 0.075781 0.100000
0 0.921936 0.427712 0.143750 0.141667
0 0.343396 0.441543 0.097656 0.113889
0 0.868297 0.601308 0.157031 0.116667
0 0.794914 0.439570 0.108594 0.140278
0 0.436657 0.436839 0.093750 0.143056
0 0.262257 0.553746 0.138281 0.104167
0 0.090693 0.584552 0.140625 0.122222
0 0.139850 0.485429 0.107813 0.109722
0 0.237948 0.456171 0.103906 0.101389
0 0.525381 0.433428 0.064844 0.188889
0 0.404730 0.588018 0.115625 0.138889
0 0.668162 0.511644 0.131250 0.109722
