0 0.358417 0.450808 0.082813 0.109722
0 0.353067 0.583862 0.084375 0.129167
0 0.444745 0.510210 0.074219 0.125000
0 0.104099 0.597663 0.159375 0.105556
0 0.237806 0.618518 0.102344 0.091667
0 0.493754 0.446984 0.064062 0.138889
0 0.752259 0.594323 0.114063 0.108333
0 0.682921 0.665178 0.104687 0.136111
0 0.703608 0.456457 0.115625 0.108333
0 0.762195 0.181786 0.100781 0.177778
0 0.704777 0.333328 0.101562 0.122222
0 0.560914 0.393686 0.076563 0.101389
0 0.233442 0.528958 0.104687 0.108333
0 0.583843 0.500563 0.083594 0.091667
0 0.832434 0.425714 0.138281 0.137500
0 0.084766 0.193750 0.077344 0.109722
