0 0.750439 0.208069 0.089844 0.151389
0 0.443829 0.520012 0.090625 0.101389
0 0.501858 0.449915 0.074219 0.155556
0 0.459228 0.637805 0.105469 0.120833
0 0.589834 0.441715 0.090625 0.191667
0 0.683183 0.375631 0.102344 0.137500
0 0.852837 0.426396 0.108594 0.138889
0 0.761740 0.440980 0.067188 0.176389
0 0.039497 0.204417 0.071094 0.150000
0 0.289534 0.601277 0.125781 0.134722
0 0.115656 0.236256 0.078906 0.098611
0 0.135735 0.403730 0.136719 0.165278
0 0.257887 0.427966 0.129688 0.150000
0 0.885260 0.582242 0.127344 0.106944
0 0.356220 0.454242 0.081250 0.130556
