0 0.756997 0.195474 0.093750 0.155556
0 0.080847 0.202005 0.075000 0.093056
0 0.372380 0.616357 0.097656 0.087500
0 0.371663 0.520571 0.087500 0.105556
0 0.475844 0.457532 0.078125 0.090278
0 0.613965 0.429783 0.082813 0.109722
0 0.755197 0.663532 0.091406 0.122222
0 0.800870 0.372028 0.117188 0.136111
0 0.808173 0.496897 0.114063 0.105556
0 0.932464 0.462683 0.132031 0.091667
0 0.468115 0.584718 0.081250 0.111111
0 0.809127 0.608145 0.103125 0.109722
0 0.558170 0.508263 0.074219 0.102778
0 0.176152 0.595869 0.169531 0.102778
0 0.686944 0.524613 0.085938 0.104167
0 0.676909 0.388301 0.078906 0.123611
