0 0.757090 0.195905 0.093750 0.155556
0 0.080381 0.200453 0.075000 0.093056
0 0.372411 0.616514 0.097656 0.087500
0 0.371729 0.520611 0.087500 0.105556
0 0.475942 0.457591 0.078125 0.090278
0 0.568862 0.523946 0.071875 0.095833
0 0.613955 0.429885 0.082813 0.109722
0 0.701062 0.425836 0.082031 0.104167
0 0.755172 0.661469 0.091406 0.122222
0 0.800817 0.372223 0.117188 0.136111
0 0.154751 0.571488 0.138281 0.098611
0 0.809013 0.499371 0.114063 0.105556
0 0.932497 0.462613 0.132031 0.091667
0 0.687536 0.534502 0.085156 0.094444
0 0.457036 0.591708 0.081250 0.111111
0 0.119937 0.454818 0.182031 0.109722
0 0.813281 0.609028 0.103125 0.109722
