0 0.686324 0.174915 0.076563 0.205556
0 0.790552 0.190817 0.076563 0.175000
0 0.931644 0.411738 0.132031 0.087500
0 0.125450 0.657668 0.149219 0.116667
0 0.166355 0.440382 0.135937 0.113889
0 0.276110 0.467941 0.094531 0.138889
0 0.106533 0.545798 0.146094 0.104167
0 0.777051 0.407000 0.080469 0.150000
0 0.689539 0.503691 0.115625 0.129167
0 0.695286 0.369473 0.095312 0.133333
0 0.341420 0.485224 0.054688 0.137500
0 0.390521 0.407095 0.078906 0.138889
0 0.494141 0.368750 0.086719 0.145833
0 0.498437 0.499306 0.085938 0.123611
