0 0.930608 0.105160 0.103125 0.159722
0 0.584397 0.416721 0.084375 0.169444
0 0.671316 0.411098 0.079687 0.175000
0 0.905865 0.542797 0.100000 0.144444
0 0.894831 0.747467 0.114063 0.190278
0 0.531620 0.702798 0.074219 0.152778
0 0.158423 0.927711 0.142969 0.134722
0 0.976559 0.749269 0.045313 0.134722
0 0.116420 0.127864 0.045313 0.065278
0 0.116771 0.319973 0.075000 0.106944
0 0.101746 0.465122 0.076563 0.119444
0 0.267942 0.182259 0.069531 0.125000
0 0.034900 0.317815 0.053125 0.094444
0 0.600328 0.117803 0.086719 0.163889
0 0.224609 0.356250 0.139844 0.140278
0 0.192969 0.463194 0.096875 0.120833
0 0.171094 0.636111 0.118750 0.169444
0 0.044141 0.124306 0.088281 0.129167
0 0.421875 0.167361 0.110937 0.179167
