0 0.689798 0.172152 0.070312 0.163889
0 0.760541 0.181657 0.092188 0.134722
0 0.237101 0.435520 0.119531 0.148611
0 0.137960 0.454839 0.080469 0.123611
0 0.457437 0.494078 0.069531 0.133333
0 0.562918 0.502706 0.067969 0.127778
0 0.558815 0.622504 0.085938 0.130556
0 0.624132 0.687128 0.080469 0.147222
0 0.889085 0.567614 0.136719 0.156944
0 0.650752 0.521443 0.132812 0.120833
0 0.750084 0.477660 0.092188 0.161111
0 0.438006 0.626956 0.085156 0.134722
0 0.282813 0.476389 0.107813 0.119444
0 0.357031 0.447917 0.100000 0.204167
0 0.413672 0.549306 0.066406 0.098611
0 0.222656 0.557639 0.178125 0.106944
