0 0.584782 0.407459 0.078125 0.156944
0 0.659234 0.407480 0.061719 0.168056
0 0.900527 0.553901 0.104687 0.144444
0 0.598699 0.120189 0.085938 0.177778
0 0.165722 0.649928 0.114063 0.173611
0 0.108020 0.441793 0.089844 0.123611
0 0.525901 0.715424 0.085938 0.163889
0 0.932726 0.114915 0.090625 0.154167
0 0.235479 0.148559 0.117969 0.169444
0 0.195824 0.454079 0.092969 0.129167
0 0.188760 0.341229 0.067969 0.131944
0 0.112956 0.335758 0.058594 0.100000
0 0.091295 0.904862 0.146094 0.179167
0 0.078125 0.120833 0.096875 0.122222
0 0.154687 0.122222 0.046875 0.100000
0 0.965625 0.756944 0.064062 0.155556
