0 0.584718 0.407472 0.078125 0.156944
0 0.660995 0.416392 0.061719 0.168056
0 0.921457 0.139931 0.104687 0.155556
0 0.900532 0.553757 0.104687 0.144444
0 0.902451 0.742473 0.104687 0.170833
0 0.216460 0.063131 0.120312 0.123611
0 0.597786 0.116764 0.085938 0.177778
0 0.178250 0.650162 0.114063 0.173611
0 0.176450 0.324178 0.079687 0.118056
0 0.206603 0.461264 0.115625 0.118056
0 0.520111 0.736902 0.096094 0.145833
0 0.095109 0.447948 0.089844 0.123611
0 0.113746 0.314532 0.050781 0.137500
0 0.159018 0.874507 0.133594 0.183333
