0 0.689945 0.172329 0.070312 0.163889
0 0.771458 0.188750 0.091406 0.130556
0 0.493788 0.498056 0.076563 0.120833
0 0.639144 0.422836 0.065625 0.145833
0 0.704361 0.458395 0.078906 0.088889
0 0.570260 0.445827 0.073437 0.138889
0 0.155225 0.478507 0.069531 0.125000
0 0.075597 0.544152 0.128906 0.108333
0 0.671536 0.590478 0.094531 0.144444
0 0.364461 0.500057 0.068750 0.113889
0 0.797336 0.422065 0.107031 0.102778
0 0.826664 0.581535 0.135937 0.130556
0 0.341372 0.599378 0.101562 0.098611
0 0.244518 0.480628 0.121875 0.138889
0 0.416016 0.631250 0.077344 0.148611
