0 0.930365 0.105344 0.103125 0.159722
0 0.584423 0.416757 0.084375 0.169444
0 0.672039 0.411122 0.079687 0.175000
0 0.907074 0.542907 0.100000 0.144444
0 0.894883 0.747514 0.114063 0.190278
0 0.531457 0.702840 0.074219 0.152778
0 0.150773 0.933782 0.142969 0.134722
0 0.976563 0.749249 0.045313 0.134722
0 0.116581 0.319950 0.075000 0.106944
0 0.101739 0.465095 0.076563 0.119444
0 0.267455 0.183277 0.069531 0.125000
0 0.035806 0.317822 0.053125 0.094444
0 0.599843 0.117851 0.086719 0.163889
0 0.170765 0.659571 0.118750 0.169444
0 0.402380 0.178874 0.110937 0.179167
0 0.226172 0.359028 0.135156 0.126389
0 0.188672 0.475694 0.089844 0.129167
0 0.046484 0.129167 0.089844 0.147222
0 0.130859 0.132639 0.061719 0.093056
