0 0.760503 0.203682 0.082813 0.147222
0 0.680255 0.416313 0.075781 0.100000
0 0.921901 0.427803 0.143750 0.141667
0 0.888855 0.625790 0.157031 0.116667
0 0.794782 0.439553 0.108594 0.140278
0 0.436678 0.436854 0.093750 0.143056
0 0.261811 0.553333 0.138281 0.104167
0 0.102857 0.606023 0.140625 0.122222
0 0.139840 0.485412 0.107813 0.109722
0 0.237941 0.456269 0.103906 0.101389
0 0.525348 0.433482 0.064844 0.188889
0 0.676568 0.502715 0.157813 0.105556
0 0.345694 0.415268 0.097656 0.144444
0 0.411380 0.561409 0.117188 0.127778
