0 0.688428 0.175151 0.076563 0.156944
0 0.182915 0.577641 0.135937 0.100000
0 0.378110 0.363873 0.082813 0.130556
0 0.656617 0.395302 0.078906 0.076389
0 0.651755 0.448413 0.051562 0.040278
0 0.694259 0.528904 0.067969 0.079167
0 0.727537 0.621738 0.089062 0.112500
0 0.472235 0.379420 0.092969 0.123611
0 0.777231 0.505719 0.101562 0.088889
0 0.636625 0.624172 0.092188 0.138889
0 0.560999 0.422859 0.087500 0.120833
0 0.433594 0.489583 0.089062 0.104167
0 0.312500 0.477778 0.109375 0.097222
0 0.833984 0.586806 0.110156 0.109722
0 0.755078 0.175694 0.061719 0.106944
