0 0.719807 0.537231 0.135937 0.102778
0 0.581686 0.639600 0.113281 0.180556
0 0.756842 0.665997 0.130469 0.126389
0 0.926171 0.424235 0.089844 0.140278
0 0.750597 0.207477 0.089844 0.151389
0 0.821964 0.430596 0.103125 0.141667
0 0.661680 0.423232 0.096875 0.138889
0 0.581034 0.469642 0.083594 0.130556
0 0.472283 0.444228 0.071094 0.194444
0 0.330077 0.600388 0.123438 0.126389
0 0.123669 0.433543 0.114844 0.113889
0 0.221335 0.500620 0.100000 0.127778
0 0.346094 0.468056 0.106250 0.122222
0 0.176953 0.312500 0.200781 0.130556
