0 0.582825 0.421515 0.070312 0.151389
0 0.661804 0.420170 0.072656 0.143056
0 0.602008 0.125125 0.084375 0.177778
0 0.923464 0.103143 0.097656 0.152778
0 0.907222 0.536955 0.109375 0.170833
0 0.897541 0.739989 0.105469 0.144444
0 0.974587 0.734788 0.049219 0.144444
0 0.521726 0.694597 0.078125 0.144444
0 0.159350 0.659575 0.135156 0.156944
0 0.184173 0.438194 0.078125 0.138889
0 0.096793 0.456094 0.091406 0.145833
0 0.160106 0.077267 0.104687 0.088889
0 0.121583 0.144084 0.062500 0.061111
0 0.258590 0.148036 0.055469 0.098611
0 0.115546 0.318639 0.080469 0.098611
0 0.254207 0.365277 0.144531 0.116667
0 0.048437 0.120833 0.096875 0.177778
0 0.222656 0.927778 0.121875 0.130556
