0 0.564587 0.468270 0.075781 0.113889
0 0.660340 0.444240 0.065625 0.066667
0 0.652003 0.387126 0.088281 0.094444
0 0.720404 0.510929 0.096875 0.105556
0 0.751552 0.603028 0.110156 0.118056
0 0.688142 0.175153 0.076563 0.156944
0 0.759246 0.180310 0.050781 0.091667
0 0.108798 0.634925 0.130469 0.100000
0 0.375600 0.371413 0.082031 0.118056
0 0.808200 0.527862 0.083594 0.105556
0 0.909695 0.582868 0.106250 0.120833
0 0.312387 0.470138 0.096875 0.104167
0 0.180516 0.553448 0.142969 0.098611
0 0.636858 0.610631 0.091406 0.122222
0 0.452872 0.493715 0.061719 0.101389
0 0.453853 0.339563 0.087500 0.140278
