0 0.757283 0.195134 0.093750 0.155556
0 0.080759 0.200997 0.075000 0.093056
0 0.614024 0.429840 0.082813 0.109722
0 0.759749 0.677343 0.091406 0.122222
0 0.800907 0.372130 0.117188 0.136111
0 0.809369 0.492359 0.114063 0.105556
0 0.932491 0.462725 0.132031 0.091667
0 0.414043 0.591450 0.081250 0.111111
0 0.806857 0.600359 0.103125 0.109722
0 0.558127 0.508364 0.074219 0.102778
0 0.685477 0.519873 0.085938 0.104167
0 0.677160 0.387630 0.078906 0.123611
0 0.451466 0.455462 0.075000 0.105556
0 0.314091 0.517390 0.120312 0.095833
0 0.286395 0.631051 0.103125 0.065278
0 0.164772 0.596514 0.160938 0.095833
