0 0.756996 0.195334 0.093750 0.155556
0 0.080359 0.200236 0.075000 0.093056
0 0.372354 0.616336 0.097656 0.087500
0 0.371678 0.520598 0.087500 0.105556
0 0.475830 0.457505 0.078125 0.090278
0 0.614024 0.429860 0.082813 0.109722
0 0.755291 0.663393 0.091406 0.122222
0 0.800807 0.372203 0.117188 0.136111
0 0.808843 0.497905 0.114063 0.105556
0 0.932457 0.462660 0.132031 0.091667
0 0.467856 0.581831 0.081250 0.111111
0 0.809542 0.609016 0.103125 0.109722
0 0.558199 0.508335 0.074219 0.102778
0 0.176200 0.595852 0.169531 0.102778
0 0.685641 0.517519 0.085938 0.104167
0 0.676907 0.388308 0.078906 0.123611
