0 0.112008 0.333906 0.062500 0.126389
0 0.584496 0.407376 0.078125 0.156944
0 0.662841 0.416358 0.061719 0.168056
0 0.588318 0.117353 0.096875 0.163889
0 0.917290 0.110410 0.104687 0.155556
0 0.901678 0.554027 0.104687 0.144444
0 0.903884 0.746198 0.104687 0.170833
0 0.176323 0.441094 0.088281 0.108333
0 0.107141 0.464275 0.087500 0.120833
0 0.215308 0.063011 0.120312 0.123611
0 0.124582 0.051020 0.061719 0.100000
0 0.226682 0.927411 0.115625 0.143056
0 0.179273 0.329562 0.081250 0.104167
0 0.545703 0.916667 0.108594 0.163889
0 0.169922 0.653472 0.119531 0.195833
