0 0.584687 0.407499 0.078125 0.156944
0 0.662118 0.416318 0.061719 0.168056
0 0.920020 0.107305 0.104687 0.155556
0 0.900918 0.553808 0.104687 0.144444
0 0.901305 0.738242 0.104687 0.170833
0 0.216458 0.063117 0.120312 0.123611
0 0.125212 0.051367 0.061719 0.100000
0 0.597534 0.116452 0.085938 0.177778
0 0.177647 0.649454 0.114063 0.173611
0 0.104153 0.305564 0.066406 0.147222
0 0.104123 0.412791 0.085938 0.144444
0 0.105280 0.934363 0.125000 0.127778
0 0.493390 0.732197 0.080469 0.113889
0 0.243724 0.909894 0.140625 0.175000
0 0.176563 0.324306 0.079687 0.118056
0 0.203906 0.457639 0.115625 0.118056
