0 0.691156 0.336230 0.107031 0.133333
0 0.694903 0.470865 0.098438 0.115278
0 0.157513 0.358008 0.119531 0.108333
0 0.513611 0.446078 0.086719 0.137500
0 0.500767 0.613898 0.087500 0.154167
0 0.691156 0.336228 0.107031 0.133333
0 0.694902 0.470866 0.098438 0.115278
0 0.157510 0.358007 0.119531 0.108333
0 0.513612 0.446079 0.086719 0.137500
0 0.499342 0.614617 0.087500 0.154167
0 0.134716 0.436041 0.149219 0.086111
0 0.411063 0.398368 0.084375 0.136111
0 0.050362 0.318549 0.093750 0.108333
0 0.361158 0.543099 0.100000 0.119444
0 0.787079 0.292744 0.078906 0.113889
0 0.268748 0.402774 0.104687 0.136111
