0 0.689912 0.172250 0.070312 0.163889
0 0.450180 0.610112 0.092188 0.106944
0 0.770815 0.186509 0.091406 0.130556
0 0.666043 0.452813 0.094531 0.136111
0 0.783350 0.574133 0.147656 0.123611
0 0.553032 0.658225 0.088281 0.116667
0 0.742977 0.429819 0.075000 0.159722
0 0.448824 0.499401 0.078906 0.134722
0 0.284267 0.469458 0.079687 0.122222
0 0.359338 0.452823 0.079687 0.130556
0 0.347575 0.602795 0.100781 0.115278
0 0.580417 0.535615 0.107813 0.129167
0 0.184747 0.470061 0.136719 0.123611
0 0.801996 0.475427 0.082031 0.098611
0 0.066398 0.623919 0.128906 0.116667
