0 0.292877 0.331635 0.112500 0.144444
0 0.565224 0.616600 0.096875 0.161111
0 0.306630 0.152749 0.091406 0.120833
0 0.292878 0.331634 0.112500 0.144444
0 0.565232 0.616601 0.096875 0.161111
0 0.306664 0.152721 0.091406 0.120833
0 0.292877 0.331634 0.112500 0.144444
0 0.565224 0.616600 0.096875 0.161111
0 0.306637 0.152745 0.091406 0.120833
0 0.292877 0.331634 0.112500 0.144444
0 0.565229 0.616594 0.096875 0.161111
0 0.306641 0.152738 0.091406 0.120833
0 0.222196 0.884072 0.053906 0.176389
0 0.421871 0.801882 0.073437 0.156944
0 0.307518 0.944054 0.102344 0.094444
0 0.680505 0.848018 0.104687 0.143056
0 0.294459 0.826501 0.078125 0.136111
0 0.915902 0.859105 0.124219 0.159722
0 0.799619 0.877743 0.105469 0.194444
0 0.562023 0.800008 0.073437 0.155556
0 0.467365 0.910551 0.054688 0.165278
0 0.091797 0.852778 0.150781 0.130556
0 0.684766 0.951389 0.089844 0.094444
