0 0.750396 0.208140 0.089844 0.151389
0 0.501880 0.449916 0.074219 0.155556
0 0.447804 0.618613 0.105469 0.120833
0 0.683148 0.375577 0.102344 0.137500
0 0.852856 0.426379 0.108594 0.138889
0 0.761729 0.440899 0.067188 0.176389
0 0.885961 0.579053 0.127344 0.106944
0 0.356131 0.454289 0.081250 0.130556
0 0.249062 0.425739 0.120312 0.129167
0 0.422250 0.529433 0.105469 0.113889
0 0.112624 0.224399 0.139062 0.118056
0 0.592922 0.432779 0.079687 0.173611
0 0.098534 0.424884 0.170312 0.133333
0 0.283203 0.618056 0.146094 0.155556
