0 0.689999 0.172336 0.070312 0.163889
0 0.771999 0.186275 0.091406 0.130556
0 0.556738 0.450356 0.066406 0.144444
0 0.614677 0.424336 0.065625 0.126389
0 0.462947 0.513116 0.080469 0.120833
0 0.170610 0.445772 0.182031 0.116667
0 0.840439 0.567452 0.153125 0.144444
0 0.286792 0.538455 0.108594 0.140278
0 0.292150 0.402625 0.101562 0.130556
0 0.680330 0.449177 0.071875 0.154167
0 0.794489 0.383309 0.148438 0.136111
0 0.671261 0.549950 0.117969 0.129167
0 0.416399 0.589647 0.081250 0.120833
0 0.134766 0.547222 0.153906 0.133333
