0 0.689891 0.172364 0.070312 0.163889
0 0.771440 0.188675 0.091406 0.130556
0 0.373110 0.494332 0.082031 0.155556
0 0.493766 0.497987 0.076563 0.120833
0 0.639116 0.422801 0.065625 0.145833
0 0.704286 0.458397 0.078906 0.088889
0 0.691256 0.550831 0.138281 0.094444
0 0.570319 0.445814 0.073437 0.138889
0 0.467621 0.637607 0.094531 0.137500
0 0.155069 0.473566 0.069531 0.125000
0 0.256570 0.460424 0.124219 0.129167
0 0.081250 0.563889 0.151562 0.125000
0 0.340234 0.606944 0.100781 0.130556
0 0.884766 0.584722 0.161719 0.150000
0 0.864453 0.384722 0.135156 0.111111
