0 0.695384 0.179810 0.075781 0.154167
0 0.796273 0.167864 0.040625 0.102778
0 0.348251 0.635669 0.078906 0.130556
0 0.408732 0.466657 0.074219 0.134722
0 0.488902 0.482674 0.070312 0.102778
0 0.506006 0.406569 0.064062 0.111111
0 0.666113 0.474348 0.082031 0.134722
0 0.826214 0.626167 0.092188 0.109722
0 0.836226 0.506252 0.093750 0.093056
0 0.181049 0.490987 0.099219 0.129167
0 0.265191 0.427933 0.113281 0.113889
0 0.753587 0.377819 0.099219 0.083333
0 0.721932 0.570417 0.117188 0.102778
0 0.567969 0.366667 0.073437 0.133333
0 0.559766 0.486111 0.069531 0.116667
0 0.321875 0.518750 0.078125 0.087500
0 0.745703 0.469444 0.069531 0.097222
