0 0.687637 0.158583 0.089062 0.155556
0 0.766793 0.170515 0.039062 0.141667
0 0.815024 0.182440 0.064062 0.130556
0 0.631628 0.422784 0.083594 0.143056
0 0.565555 0.548216 0.082813 0.141667
0 0.801937 0.531511 0.125000 0.109722
0 0.211324 0.432102 0.103906 0.113889
0 0.808179 0.411635 0.111719 0.106944
0 0.727983 0.496944 0.087500 0.138889
0 0.270404 0.435875 0.075781 0.144444
0 0.077373 0.485310 0.142188 0.112500
0 0.320492 0.366815 0.073437 0.147222
0 0.923107 0.369422 0.092969 0.138889
0 0.533204 0.397979 0.085156 0.131944
0 0.410271 0.360329 0.079687 0.143056
0 0.351562 0.579861 0.095312 0.165278
0 0.450781 0.528472 0.092188 0.140278
0 0.067969 0.580556 0.132812 0.075000
