0 0.750422 0.208087 0.089844 0.151389
0 0.374335 0.444175 0.082813 0.158333
0 0.443863 0.520016 0.090625 0.101389
0 0.501922 0.449836 0.074219 0.155556
0 0.458155 0.637949 0.105469 0.120833
0 0.589786 0.441623 0.090625 0.191667
0 0.683144 0.375641 0.102344 0.137500
0 0.852786 0.426272 0.108594 0.138889
0 0.761737 0.440949 0.067188 0.176389
0 0.039466 0.204440 0.071094 0.150000
0 0.288519 0.602051 0.125781 0.134722
0 0.115362 0.236265 0.078906 0.098611
0 0.135690 0.403898 0.136719 0.165278
0 0.257886 0.428173 0.129688 0.150000
0 0.885302 0.577370 0.127344 0.106944
