0 0.929500 0.106601 0.103125 0.159722
0 0.584365 0.416756 0.084375 0.169444
0 0.670714 0.411720 0.079687 0.175000
0 0.906326 0.542720 0.100000 0.144444
0 0.894821 0.747850 0.114063 0.190278
0 0.531539 0.702843 0.074219 0.152778
0 0.156864 0.929835 0.142969 0.134722
0 0.194505 0.437965 0.085938 0.111111
0 0.608268 0.119984 0.096094 0.188889
0 0.050546 0.136607 0.081250 0.105556
0 0.252761 0.345228 0.138281 0.140278
0 0.976630 0.749312 0.045313 0.134722
0 0.116800 0.131396 0.045313 0.065278
0 0.276563 0.163194 0.064062 0.090278
0 0.228125 0.080556 0.104687 0.111111
0 0.117188 0.320139 0.075000 0.106944
0 0.100781 0.447222 0.076563 0.119444
0 0.039844 0.353472 0.079687 0.109722
0 0.171484 0.670139 0.116406 0.151389
