0 0.750394 0.208147 0.089844 0.151389
0 0.374207 0.444279 0.082813 0.158333
0 0.443825 0.519992 0.090625 0.101389
0 0.501858 0.449919 0.074219 0.155556
0 0.458157 0.638222 0.105469 0.120833
0 0.589785 0.441527 0.090625 0.191667
0 0.683051 0.375779 0.102344 0.137500
0 0.852678 0.426238 0.108594 0.138889
0 0.761732 0.440948 0.067188 0.176389
0 0.152258 0.424282 0.121094 0.176389
0 0.272266 0.448635 0.119531 0.163889
0 0.039413 0.204464 0.071094 0.150000
0 0.291403 0.607419 0.125781 0.134722
0 0.121748 0.236695 0.078906 0.098611
