0 0.689791 0.172175 0.070312 0.163889
0 0.754264 0.182195 0.092188 0.134722
0 0.237119 0.436473 0.119531 0.148611
0 0.562841 0.502735 0.067969 0.127778
0 0.561355 0.627900 0.085938 0.130556
0 0.629125 0.685956 0.080469 0.147222
0 0.903562 0.566042 0.136719 0.156944
0 0.650744 0.521361 0.132812 0.120833
0 0.750134 0.477726 0.092188 0.161111
0 0.282844 0.476140 0.107813 0.119444
0 0.439429 0.643800 0.092188 0.130556
0 0.379425 0.495605 0.070312 0.122222
0 0.460069 0.499280 0.081250 0.145833
0 0.238479 0.565865 0.146875 0.126389
