0 0.689923 0.172392 0.070312 0.163889
0 0.773899 0.188786 0.091406 0.130556
0 0.556716 0.450131 0.066406 0.144444
0 0.614742 0.424377 0.065625 0.126389
0 0.462842 0.513190 0.080469 0.120833
0 0.170719 0.445819 0.182031 0.116667
0 0.687937 0.465357 0.083594 0.105556
0 0.791711 0.397455 0.133594 0.105556
0 0.405041 0.636180 0.119531 0.155556
0 0.819742 0.549302 0.153125 0.144444
0 0.659965 0.570929 0.103906 0.155556
0 0.288731 0.538639 0.108594 0.140278
0 0.157422 0.567361 0.147656 0.115278
0 0.292188 0.402778 0.101562 0.130556
