0 0.110114 0.333086 0.062500 0.126389
0 0.584529 0.407252 0.078125 0.156944
0 0.662834 0.416404 0.061719 0.168056
0 0.588331 0.117245 0.096875 0.163889
0 0.918623 0.109501 0.104687 0.155556
0 0.901801 0.554046 0.104687 0.144444
0 0.903859 0.745903 0.104687 0.170833
0 0.191528 0.467067 0.088281 0.108333
0 0.105765 0.457442 0.087500 0.120833
0 0.216702 0.062986 0.120312 0.123611
0 0.124709 0.051037 0.061719 0.100000
0 0.226563 0.927436 0.115625 0.143056
0 0.181343 0.330025 0.081250 0.104167
0 0.177164 0.661377 0.119531 0.195833
0 0.358984 0.928472 0.077344 0.140278
