0 0.689849 0.172199 0.070312 0.163889
0 0.770916 0.175641 0.092188 0.134722
0 0.237080 0.435467 0.119531 0.148611
0 0.137879 0.454856 0.080469 0.123611
0 0.318909 0.472355 0.086719 0.119444
0 0.457469 0.494412 0.069531 0.133333
0 0.575724 0.621194 0.082031 0.127778
0 0.107244 0.651407 0.137500 0.137500
0 0.244619 0.568464 0.121875 0.137500
0 0.666641 0.679705 0.102344 0.127778
0 0.456789 0.628112 0.089844 0.123611
0 0.562875 0.502716 0.067969 0.127778
0 0.402344 0.525000 0.046875 0.133333
0 0.345313 0.569444 0.073437 0.138889
0 0.678516 0.518056 0.108594 0.141667
0 0.785156 0.515278 0.110937 0.152778
