0 0.584674 0.407449 0.078125 0.156944
0 0.662657 0.416618 0.061719 0.168056
0 0.919785 0.109131 0.104687 0.155556
0 0.901204 0.553928 0.104687 0.144444
0 0.902553 0.740015 0.104687 0.170833
0 0.216492 0.063104 0.120312 0.123611
0 0.124964 0.050898 0.061719 0.100000
0 0.597565 0.116831 0.085938 0.177778
0 0.199615 0.459938 0.109375 0.136111
0 0.177348 0.649211 0.114063 0.173611
0 0.103957 0.305583 0.066406 0.147222
0 0.103261 0.413932 0.085938 0.144444
0 0.105495 0.934277 0.125000 0.127778
0 0.187499 0.332975 0.078906 0.115278
0 0.494922 0.731944 0.080469 0.113889
0 0.243750 0.909722 0.140625 0.175000
