0 0.692203 0.425620 0.114063 0.115278
0 0.747736 0.207464 0.121875 0.154167
0 0.582497 0.456413 0.095312 0.140278
0 0.368970 0.562297 0.122656 0.127778
0 0.237421 0.499713 0.098438 0.136111
0 0.344899 0.425124 0.099219 0.111111
0 0.722726 0.547164 0.135937 0.102778
0 0.748417 0.651822 0.145313 0.120833
0 0.138388 0.454688 0.095312 0.137500
0 0.584332 0.639890 0.113281 0.180556
0 0.471973 0.456826 0.068750 0.188889
0 0.916874 0.578880 0.159375 0.115278
0 0.819141 0.438889 0.113281 0.136111
0 0.921875 0.415278 0.109375 0.138889
