0 0.584684 0.407453 0.078125 0.156944
0 0.662038 0.416425 0.061719 0.168056
0 0.921511 0.096687 0.104687 0.155556
0 0.901445 0.553783 0.104687 0.144444
0 0.902585 0.744290 0.104687 0.170833
0 0.216455 0.063178 0.120312 0.123611
0 0.125437 0.050814 0.061719 0.100000
0 0.598015 0.116427 0.085938 0.177778
0 0.177129 0.649342 0.114063 0.173611
0 0.103807 0.305240 0.066406 0.147222
0 0.097649 0.415961 0.085938 0.144444
0 0.175537 0.324563 0.079687 0.118056
0 0.205258 0.457041 0.115625 0.118056
0 0.520362 0.736814 0.096094 0.145833
0 0.166797 0.888194 0.142969 0.206944
