0 0.754833 0.200674 0.094531 0.166667
0 0.417638 0.457587 0.067969 0.137500
0 0.142933 0.472957 0.115625 0.087500
0 0.785610 0.455459 0.124219 0.155556
0 0.903528 0.420109 0.128906 0.134722
0 0.647715 0.481362 0.095312 0.168056
0 0.329233 0.457012 0.080469 0.141667
0 0.237907 0.421557 0.116406 0.118056
0 0.504025 0.517537 0.103125 0.129167
0 0.521995 0.423112 0.068750 0.104167
0 0.739285 0.606800 0.138281 0.152778
0 0.151213 0.569629 0.138281 0.100000
0 0.281715 0.584001 0.113281 0.137500
0 0.900762 0.660843 0.171875 0.175000
