0 0.750436 0.208046 0.089844 0.151389
0 0.374252 0.444314 0.082813 0.158333
0 0.443832 0.520048 0.090625 0.101389
0 0.501907 0.449811 0.074219 0.155556
0 0.458117 0.638161 0.105469 0.120833
0 0.589821 0.441721 0.090625 0.191667
0 0.683164 0.375817 0.102344 0.137500
0 0.304606 0.625017 0.135156 0.151389
0 0.852751 0.426258 0.108594 0.138889
0 0.761729 0.440936 0.067188 0.176389
0 0.151878 0.424433 0.121094 0.176389
0 0.272316 0.448767 0.119531 0.163889
0 0.120312 0.242361 0.076563 0.143056
0 0.039453 0.204167 0.071094 0.150000
