0 0.689896 0.172312 0.070312 0.163889
0 0.771803 0.188632 0.091406 0.130556
0 0.493925 0.497805 0.076563 0.120833
0 0.639128 0.422983 0.065625 0.145833
0 0.704348 0.458468 0.078906 0.088889
0 0.691186 0.550730 0.138281 0.094444
0 0.570306 0.445814 0.073437 0.138889
0 0.154552 0.472342 0.069531 0.125000
0 0.853213 0.581396 0.161719 0.150000
0 0.864276 0.384937 0.135156 0.111111
0 0.075273 0.543595 0.128906 0.108333
0 0.328351 0.596725 0.114063 0.109722
0 0.353031 0.485304 0.071875 0.131944
0 0.438162 0.634394 0.089062 0.141667
0 0.253125 0.546528 0.081250 0.137500
0 0.238672 0.385417 0.107031 0.106944
