0 0.584699 0.407569 0.078125 0.156944
0 0.661468 0.416571 0.061719 0.168056
0 0.936257 0.141179 0.104687 0.155556
0 0.900856 0.553876 0.104687 0.144444
0 0.902670 0.744267 0.104687 0.170833
0 0.216469 0.063309 0.120312 0.123611
0 0.597686 0.117904 0.085938 0.177778
0 0.178253 0.649938 0.114063 0.173611
0 0.174813 0.323908 0.079687 0.118056
0 0.210090 0.463725 0.115625 0.118056
0 0.519432 0.736630 0.096094 0.145833
0 0.098047 0.450565 0.089844 0.123611
0 0.113615 0.314215 0.050781 0.137500
0 0.152692 0.885002 0.141406 0.184722
