0 0.686283 0.174875 0.076563 0.205556
0 0.790449 0.192453 0.076563 0.175000
0 0.931709 0.411600 0.132031 0.087500
0 0.125193 0.657702 0.149219 0.116667
0 0.166344 0.440381 0.135937 0.113889
0 0.276198 0.467944 0.094531 0.138889
0 0.511906 0.523904 0.085156 0.151389
0 0.108052 0.546009 0.146094 0.104167
0 0.776916 0.407098 0.080469 0.150000
0 0.695135 0.510742 0.115625 0.129167
0 0.695244 0.369595 0.095312 0.133333
0 0.555892 0.367819 0.116406 0.113889
0 0.343750 0.467361 0.054688 0.137500
0 0.390234 0.406944 0.078906 0.138889
