0 0.292887 0.331606 0.112500 0.144444
0 0.565269 0.616681 0.096875 0.161111
0 0.306444 0.151231 0.091406 0.120833
0 0.292888 0.331605 0.112500 0.144444
0 0.565276 0.616682 0.096875 0.161111
0 0.306477 0.151201 0.091406 0.120833
0 0.292887 0.331605 0.112500 0.144444
0 0.565269 0.616681 0.096875 0.161111
0 0.306451 0.151226 0.091406 0.120833
0 0.292887 0.331605 0.112500 0.144444
0 0.565273 0.616673 0.096875 0.161111
0 0.306455 0.151219 0.091406 0.120833
0 0.222200 0.884083 0.053906 0.176389
0 0.421896 0.802147 0.073437 0.156944
0 0.307435 0.944094 0.102344 0.094444
0 0.680572 0.847958 0.104687 0.143056
0 0.294428 0.826465 0.078125 0.136111
0 0.915987 0.859158 0.124219 0.159722
0 0.799616 0.877933 0.105469 0.194444
0 0.693008 0.945527 0.100000 0.105556
0 0.563471 0.793755 0.073437 0.155556
0 0.100391 0.865278 0.141406 0.133333
0 0.467187 0.910417 0.054688 0.165278
