0 0.750449 0.208062 0.089844 0.151389
0 0.443809 0.520003 0.090625 0.101389
0 0.501857 0.450168 0.074219 0.155556
0 0.459257 0.637805 0.105469 0.120833
0 0.589871 0.441531 0.090625 0.191667
0 0.683121 0.375621 0.102344 0.137500
0 0.852925 0.426388 0.108594 0.138889
0 0.761737 0.440922 0.067188 0.176389
0 0.039489 0.204458 0.071094 0.150000
0 0.289616 0.600571 0.125781 0.134722
0 0.115435 0.236308 0.078906 0.098611
0 0.135676 0.403770 0.136719 0.165278
0 0.257797 0.428044 0.129688 0.150000
0 0.885273 0.582718 0.127344 0.106944
0 0.356126 0.454199 0.081250 0.130556
