0 0.292923 0.331736 0.112500 0.144444
0 0.565390 0.616974 0.096875 0.161111
0 0.759611 0.872241 0.092188 0.141667
0 0.307883 0.151672 0.091406 0.120833
0 0.292924 0.331736 0.112500 0.144444
0 0.565392 0.616973 0.096875 0.161111
0 0.759614 0.872244 0.092188 0.141667
0 0.307884 0.151672 0.091406 0.120833
0 0.292924 0.331736 0.112500 0.144444
0 0.565390 0.616974 0.096875 0.161111
0 0.759611 0.872242 0.092188 0.141667
0 0.307883 0.151673 0.091406 0.120833
0 0.292924 0.331736 0.112500 0.144444
0 0.565389 0.616967 0.096875 0.161111
0 0.759615 0.872244 0.092188 0.141667
0 0.307883 0.151672 0.091406 0.120833
0 0.875229 0.911567 0.115625 0.166667
0 0.481201 0.776448 0.087500 0.130556
0 0.297627 0.868406 0.070312 0.188889
0 0.378492 0.933306 0.085156 0.108333
0 0.163608 0.827769 0.122656 0.155556
0 0.636356 0.835329 0.080469 0.181944
0 0.494441 0.909814 0.054688 0.116667
0 0.366016 0.806250 0.069531 0.145833
