0 0.584763 0.407601 0.078125 0.156944
0 0.667437 0.431384 0.061719 0.168056
0 0.899928 0.553889 0.104687 0.144444
0 0.901666 0.740920 0.104687 0.170833
0 0.598055 0.119710 0.085938 0.177778
0 0.180067 0.652050 0.114063 0.173611
0 0.110234 0.487638 0.089844 0.123611
0 0.525879 0.715440 0.085938 0.163889
0 0.926665 0.114737 0.090625 0.154167
0 0.206484 0.497206 0.096094 0.138889
0 0.121139 0.130595 0.119531 0.152778
0 0.327670 0.109066 0.123438 0.156944
0 0.179297 0.336111 0.069531 0.113889
0 0.105078 0.315278 0.075781 0.111111
0 0.083984 0.818056 0.152344 0.136111
