0 0.750395 0.208140 0.089844 0.151389
0 0.374233 0.444288 0.082813 0.158333
0 0.443770 0.520005 0.090625 0.101389
0 0.501916 0.449881 0.074219 0.155556
0 0.458056 0.638016 0.105469 0.120833
0 0.589818 0.441532 0.090625 0.191667
0 0.683191 0.375735 0.102344 0.137500
0 0.852767 0.426190 0.108594 0.138889
0 0.761707 0.440925 0.067188 0.176389
0 0.151916 0.424332 0.121094 0.176389
0 0.272306 0.448686 0.119531 0.163889
0 0.039438 0.204418 0.071094 0.150000
0 0.292189 0.607725 0.125781 0.134722
0 0.121484 0.236806 0.078906 0.098611
