0 0.702190 0.180438 0.075781 0.154167
0 0.408567 0.466926 0.074219 0.134722
0 0.666176 0.474330 0.082031 0.134722
0 0.753681 0.377841 0.099219 0.083333
0 0.475753 0.488210 0.071875 0.115278
0 0.832446 0.599725 0.110156 0.104167
0 0.811317 0.506966 0.107031 0.102778
0 0.527459 0.418719 0.064844 0.101389
0 0.796353 0.170786 0.060938 0.108333
0 0.350205 0.625360 0.090625 0.156944
0 0.729694 0.443736 0.062500 0.070833
0 0.565669 0.340935 0.078125 0.134722
0 0.716433 0.578325 0.118750 0.106944
0 0.308326 0.509721 0.074219 0.097222
0 0.574297 0.485423 0.056250 0.093056
0 0.107422 0.520833 0.158594 0.105556
0 0.230078 0.437500 0.144531 0.125000
