0 0.126074 0.050512 0.057031 0.100000
0 0.194890 0.330037 0.067969 0.105556
0 0.584780 0.407335 0.078125 0.156944
0 0.660116 0.416270 0.061719 0.168056
0 0.900103 0.553929 0.104687 0.144444
0 0.902002 0.741214 0.104687 0.170833
0 0.597791 0.120836 0.085938 0.177778
0 0.178459 0.649752 0.114063 0.173611
0 0.097683 0.456633 0.089844 0.123611
0 0.110674 0.323856 0.050781 0.137500
0 0.525868 0.715409 0.085938 0.163889
0 0.931813 0.114571 0.090625 0.154167
0 0.179462 0.470000 0.096094 0.138889
0 0.096452 0.831813 0.182812 0.144444
0 0.199219 0.127083 0.128125 0.154167
