0 0.110513 0.333418 0.062500 0.126389
0 0.584521 0.407278 0.078125 0.156944
0 0.662686 0.415998 0.061719 0.168056
0 0.921442 0.093771 0.104687 0.155556
0 0.901847 0.554074 0.104687 0.144444
0 0.903940 0.746514 0.104687 0.170833
0 0.216764 0.062613 0.120312 0.123611
0 0.124857 0.051073 0.061719 0.100000
0 0.226688 0.927129 0.115625 0.143056
0 0.182095 0.329790 0.081250 0.104167
0 0.351394 0.916642 0.110156 0.163889
0 0.185783 0.625389 0.113281 0.170833
0 0.597071 0.118130 0.085938 0.177778
0 0.102453 0.452612 0.076563 0.126389
0 0.192987 0.459017 0.088281 0.152778
