0 0.110072 0.333318 0.062500 0.126389
0 0.584492 0.407317 0.078125 0.156944
0 0.662023 0.416364 0.061719 0.168056
0 0.918918 0.109044 0.104687 0.155556
0 0.901769 0.553934 0.104687 0.144444
0 0.903926 0.745911 0.104687 0.170833
0 0.216772 0.062671 0.120312 0.123611
0 0.124817 0.050985 0.061719 0.100000
0 0.226612 0.927200 0.115625 0.143056
0 0.181471 0.329701 0.081250 0.104167
0 0.351119 0.916905 0.110156 0.163889
0 0.173051 0.622525 0.113281 0.170833
0 0.597176 0.119025 0.085938 0.177778
0 0.099219 0.453472 0.076563 0.126389
0 0.180859 0.450694 0.080469 0.123611
