0 0.698198 0.180063 0.075781 0.154167
0 0.796015 0.167085 0.040625 0.102778
0 0.274877 0.427949 0.101562 0.122222
0 0.347998 0.635951 0.078906 0.130556
0 0.408424 0.466389 0.074219 0.134722
0 0.477362 0.500579 0.070312 0.102778
0 0.506046 0.406205 0.064062 0.111111
0 0.576182 0.388160 0.077344 0.123611
0 0.565860 0.489854 0.060156 0.081944
0 0.666060 0.474356 0.082031 0.134722
0 0.749129 0.603681 0.096875 0.125000
0 0.841098 0.597966 0.092188 0.109722
0 0.783421 0.351497 0.096094 0.102778
0 0.761144 0.462646 0.077344 0.106944
0 0.836060 0.506217 0.093750 0.093056
0 0.304635 0.497626 0.087500 0.100000
0 0.180972 0.491008 0.099219 0.129167
0 0.698198 0.180063 0.075781 0.154167
0 0.796013 0.167086 0.040625 0.102778
0 0.274877 0.427951 0.101562 0.122222
0 0.347997 0.635952 0.078906 0.130556
0 0.408423 0.466390 0.074219 0.134722
0 0.477358 0.500620 0.070312 0.102778
0 0.506046 0.406206 0.064062 0.111111
0 0.576180 0.388165 0.077344 0.123611
0 0.565860 0.489852 0.060156 0.081944
0 0.666059 0.474357 0.082031 0.134722
0 0.749130 0.603675 0.096875 0.125000
0 0.841100 0.597966 0.092188 0.109722
0 0.783419 0.351497 0.096094 0.102778
0 0.761144 0.462646 0.077344 0.106944
0 0.836059 0.506220 0.093750 0.093056
0 0.180971 0.491007 0.099219 0.129167
0 0.322266 0.522917 0.078906 0.090278
