0 0.292914 0.331676 0.112500 0.144444
0 0.565340 0.616659 0.096875 0.161111
0 0.294108 0.124652 0.091406 0.120833
0 0.292914 0.331676 0.112500 0.144444
0 0.565347 0.616658 0.096875 0.161111
0 0.294117 0.124645 0.091406 0.120833
0 0.292914 0.331676 0.112500 0.144444
0 0.565340 0.616659 0.096875 0.161111
0 0.294111 0.124650 0.091406 0.120833
0 0.292914 0.331676 0.112500 0.144444
0 0.565343 0.616654 0.096875 0.161111
0 0.294111 0.124649 0.091406 0.120833
0 0.222344 0.883999 0.053906 0.176389
0 0.421746 0.802054 0.073437 0.156944
0 0.109432 0.863874 0.131250 0.144444
0 0.307507 0.943927 0.102344 0.094444
0 0.472747 0.905447 0.046875 0.161111
0 0.680527 0.848023 0.104687 0.143056
0 0.676928 0.940893 0.110156 0.115278
0 0.559281 0.796618 0.075000 0.161111
0 0.810204 0.900036 0.118750 0.191667
0 0.298514 0.839035 0.076563 0.150000
