0 0.292974 0.331859 0.112500 0.144444
0 0.565085 0.616544 0.096875 0.161111
0 0.670655 0.890985 0.094531 0.176389
0 0.759547 0.872237 0.092188 0.141667
0 0.897886 0.910909 0.118750 0.163889
0 0.306358 0.146943 0.091406 0.120833
0 0.550081 0.794283 0.099219 0.161111
0 0.168350 0.870285 0.110156 0.148611
0 0.537574 0.916643 0.056250 0.108333
0 0.292974 0.331859 0.112500 0.144444
0 0.565086 0.616543 0.096875 0.161111
0 0.670655 0.890985 0.094531 0.176389
0 0.759548 0.872238 0.092188 0.141667
0 0.897886 0.910909 0.118750 0.163889
0 0.306359 0.146942 0.091406 0.120833
0 0.550079 0.794283 0.099219 0.161111
0 0.168351 0.870286 0.110156 0.148611
0 0.537575 0.916643 0.056250 0.108333
0 0.289453 0.866667 0.066406 0.161111
0 0.357031 0.807639 0.073437 0.123611
0 0.391016 0.926389 0.094531 0.111111
