0 0.757093 0.195552 0.093750 0.155556
0 0.080695 0.201872 0.075000 0.093056
0 0.372308 0.616383 0.097656 0.087500
0 0.371693 0.520565 0.087500 0.105556
0 0.475977 0.457510 0.078125 0.090278
0 0.613987 0.429756 0.082813 0.109722
0 0.755301 0.663525 0.091406 0.122222
0 0.800900 0.372145 0.117188 0.136111
0 0.809024 0.496201 0.114063 0.105556
0 0.932514 0.462705 0.132031 0.091667
0 0.468005 0.587014 0.081250 0.111111
0 0.801652 0.609026 0.103125 0.109722
0 0.558260 0.508263 0.074219 0.102778
0 0.176228 0.595690 0.169531 0.102778
0 0.686773 0.522090 0.085938 0.104167
0 0.676856 0.388413 0.078906 0.123611
