0 0.584849 0.407220 0.078125 0.156944
0 0.670696 0.415768 0.061719 0.168056
0 0.599213 0.121809 0.085938 0.177778
0 0.164087 0.644252 0.114063 0.173611
0 0.525964 0.715465 0.085938 0.163889
0 0.924136 0.114650 0.090625 0.154167
0 0.970968 0.751606 0.064062 0.155556
0 0.908195 0.553265 0.110937 0.125000
0 0.157523 0.109329 0.050781 0.098611
0 0.099407 0.454130 0.075781 0.129167
0 0.327302 0.351675 0.065625 0.111111
0 0.121736 0.322177 0.043750 0.100000
0 0.224289 0.347468 0.140625 0.169444
0 0.187529 0.460542 0.096094 0.100000
0 0.224300 0.129256 0.115625 0.156944
0 0.898990 0.754496 0.082813 0.126389
0 0.079227 0.112603 0.096875 0.141667
