0 0.750379 0.208150 0.089844 0.151389
0 0.501899 0.450102 0.074219 0.155556
0 0.454856 0.590075 0.105469 0.120833
0 0.683116 0.375659 0.102344 0.137500
0 0.852774 0.426450 0.108594 0.138889
0 0.761683 0.440968 0.067188 0.176389
0 0.886410 0.581038 0.127344 0.106944
0 0.356100 0.454321 0.081250 0.130556
0 0.249142 0.425712 0.120312 0.129167
0 0.422241 0.529241 0.105469 0.113889
0 0.112514 0.224348 0.139062 0.118056
0 0.592946 0.432646 0.079687 0.173611
0 0.098428 0.424977 0.170312 0.133333
0 0.260547 0.618750 0.155469 0.168056
