0 0.584786 0.407586 0.078125 0.156944
0 0.594469 0.133301 0.085938 0.177778
0 0.165032 0.665263 0.114063 0.173611
0 0.526026 0.715461 0.085938 0.163889
0 0.928907 0.118733 0.090625 0.154167
0 0.971149 0.751719 0.064062 0.155556
0 0.908338 0.553518 0.110937 0.125000
0 0.092747 0.452926 0.075781 0.129167
0 0.121258 0.321649 0.043750 0.100000
0 0.895231 0.730647 0.082813 0.126389
0 0.198951 0.101967 0.111719 0.147222
0 0.253552 0.367248 0.120312 0.112500
0 0.172847 0.319593 0.046094 0.097222
0 0.181385 0.465766 0.088281 0.113889
0 0.653235 0.421176 0.057031 0.112500
0 0.334252 0.147924 0.076563 0.113889
0 0.062888 0.104393 0.117969 0.137500
