0 0.564434 0.468187 0.075781 0.113889
0 0.660388 0.444235 0.065625 0.066667
0 0.652063 0.387165 0.088281 0.094444
0 0.720437 0.510945 0.096875 0.105556
0 0.751110 0.603398 0.110156 0.118056
0 0.480551 0.358147 0.090625 0.129167
0 0.702756 0.178745 0.076563 0.156944
0 0.447449 0.490897 0.064844 0.091667
0 0.760740 0.183175 0.050781 0.091667
0 0.385900 0.389624 0.065625 0.109722
0 0.108939 0.634455 0.130469 0.100000
0 0.205442 0.543762 0.129688 0.098611
0 0.323419 0.468729 0.093750 0.120833
0 0.816007 0.524983 0.086719 0.111111
0 0.626202 0.600329 0.081250 0.111111
0 0.908594 0.579167 0.125000 0.130556
