0 0.292888 0.331635 0.112500 0.144444
0 0.565389 0.616656 0.096875 0.161111
0 0.305179 0.133447 0.091406 0.120833
0 0.292889 0.331634 0.112500 0.144444
0 0.565396 0.616655 0.096875 0.161111
0 0.305188 0.133439 0.091406 0.120833
0 0.292888 0.331634 0.112500 0.144444
0 0.565389 0.616656 0.096875 0.161111
0 0.305182 0.133446 0.091406 0.120833
0 0.292888 0.331634 0.112500 0.144444
0 0.565395 0.616650 0.096875 0.161111
0 0.305182 0.133443 0.091406 0.120833
0 0.222206 0.884075 0.053906 0.176389
0 0.421894 0.801858 0.073437 0.156944
0 0.109263 0.863907 0.131250 0.144444
0 0.307409 0.943854 0.102344 0.094444
0 0.680353 0.847868 0.104687 0.143056
0 0.553149 0.794982 0.075000 0.161111
0 0.294437 0.826495 0.078125 0.136111
0 0.915827 0.859135 0.124219 0.159722
0 0.459677 0.913272 0.066406 0.162500
0 0.799609 0.877778 0.105469 0.194444
0 0.692969 0.945833 0.100000 0.105556
