0 0.690970 0.336746 0.107031 0.133333
0 0.693943 0.470836 0.098438 0.115278
0 0.517877 0.469305 0.086719 0.137500
0 0.690970 0.336745 0.107031 0.133333
0 0.693941 0.470838 0.098438 0.115278
0 0.517875 0.469300 0.086719 0.137500
0 0.499339 0.614535 0.087500 0.154167
0 0.786981 0.293084 0.078906 0.113889
0 0.148652 0.311732 0.117969 0.137500
0 0.142887 0.445240 0.155469 0.122222
0 0.460938 0.751389 0.101562 0.116667
0 0.224219 0.848611 0.120312 0.144444
0 0.257812 0.419444 0.120312 0.127778
0 0.359766 0.552083 0.100781 0.115278
0 0.402734 0.422917 0.085156 0.126389
