0 0.358449 0.450733 0.082813 0.109722
0 0.351919 0.577626 0.084375 0.129167
0 0.444725 0.510098 0.074219 0.125000
0 0.104353 0.598470 0.159375 0.105556
0 0.237598 0.618801 0.102344 0.091667
0 0.493761 0.447046 0.064062 0.138889
0 0.752345 0.594284 0.114063 0.108333
0 0.683025 0.668674 0.104687 0.136111
0 0.704721 0.333345 0.101562 0.122222
0 0.560909 0.393768 0.076563 0.101389
0 0.233503 0.528938 0.104687 0.108333
0 0.832448 0.425745 0.138281 0.137500
0 0.084549 0.195485 0.077344 0.109722
0 0.686135 0.458430 0.100781 0.120833
0 0.758064 0.185514 0.096875 0.152778
0 0.568359 0.504167 0.080469 0.108333
