0 0.292966 0.331836 0.112500 0.144444
0 0.565269 0.616915 0.096875 0.161111
0 0.670764 0.890957 0.094531 0.176389
0 0.759486 0.872388 0.092188 0.141667
0 0.897817 0.911164 0.118750 0.163889
0 0.306626 0.144092 0.091406 0.120833
0 0.168373 0.870316 0.110156 0.148611
0 0.292967 0.331836 0.112500 0.144444
0 0.565269 0.616908 0.096875 0.161111
0 0.670764 0.890957 0.094531 0.176389
0 0.759488 0.872389 0.092188 0.141667
0 0.897817 0.911164 0.118750 0.163889
0 0.306627 0.144091 0.091406 0.120833
0 0.168374 0.870316 0.110156 0.148611
0 0.289422 0.866457 0.066406 0.161111
0 0.506111 0.779273 0.091406 0.166667
0 0.500077 0.922519 0.076563 0.116667
0 0.292966 0.331836 0.112500 0.144444
0 0.565269 0.616912 0.096875 0.161111
0 0.670763 0.890957 0.094531 0.176389
0 0.759486 0.872388 0.092188 0.141667
0 0.897817 0.911164 0.118750 0.163889
0 0.306626 0.144092 0.091406 0.120833
0 0.168374 0.870316 0.110156 0.148611
0 0.292966 0.331836 0.112500 0.144444
0 0.565268 0.616907 0.096875 0.161111
0 0.670763 0.890957 0.094531 0.176389
0 0.759489 0.872389 0.092188 0.141667
0 0.897817 0.911162 0.118750 0.163889
0 0.306626 0.144091 0.091406 0.120833
0 0.168373 0.870317 0.110156 0.148611
0 0.289422 0.866456 0.066406 0.161111
0 0.369922 0.815278 0.071094 0.152778
0 0.387500 0.928472 0.106250 0.087500
