0 0.584406 0.416746 0.084375 0.169444
0 0.678732 0.411069 0.079687 0.175000
0 0.904576 0.542478 0.100000 0.144444
0 0.523149 0.716660 0.074219 0.152778
0 0.976696 0.749323 0.045313 0.134722
0 0.593737 0.123845 0.086719 0.163889
0 0.132934 0.133373 0.061719 0.093056
0 0.043262 0.140767 0.076563 0.166667
0 0.883334 0.753376 0.089844 0.126389
0 0.140286 0.347051 0.124219 0.122222
0 0.192835 0.464782 0.096875 0.113889
0 0.034514 0.329188 0.062500 0.097222
0 0.098131 0.470379 0.087500 0.111111
0 0.273424 0.192159 0.063281 0.088889
0 0.178486 0.671562 0.119531 0.148611
0 0.150397 0.931566 0.135937 0.134722
0 0.406250 0.465972 0.101562 0.137500
0 0.926562 0.118750 0.096875 0.148611
0 0.373437 0.156944 0.095312 0.138889
