0 0.750390 0.208143 0.089844 0.151389
0 0.683222 0.375538 0.102344 0.137500
0 0.852813 0.426526 0.108594 0.138889
0 0.271803 0.408441 0.104687 0.138889
0 0.163663 0.425677 0.124219 0.154167
0 0.052026 0.418744 0.097656 0.154167
0 0.101482 0.204160 0.089062 0.127778
0 0.353812 0.513175 0.100000 0.118056
0 0.489516 0.466028 0.096094 0.170833
0 0.586771 0.422289 0.081250 0.180556
0 0.887871 0.578804 0.138281 0.126389
0 0.160792 0.623058 0.178906 0.138889
0 0.371094 0.631944 0.118750 0.130556
0 0.742578 0.432639 0.064844 0.179167
