0 0.689815 0.172245 0.070312 0.163889
0 0.642559 0.496591 0.089844 0.123611
0 0.541268 0.508969 0.082813 0.145833
0 0.771568 0.171096 0.092188 0.134722
0 0.743407 0.483950 0.125781 0.168056
0 0.277878 0.432267 0.100781 0.116667
0 0.629318 0.604083 0.084375 0.129167
0 0.735826 0.658554 0.113281 0.137500
0 0.843911 0.560934 0.100781 0.108333
0 0.441009 0.522157 0.071094 0.144444
0 0.529926 0.615406 0.089844 0.131944
0 0.183603 0.434031 0.106250 0.104167
0 0.350684 0.483108 0.079687 0.091667
0 0.281641 0.590278 0.142969 0.144444
