0 0.759367 0.182671 0.093750 0.155556
0 0.080334 0.201895 0.075000 0.093056
0 0.619626 0.404775 0.079687 0.111111
0 0.691697 0.663917 0.089844 0.122222
0 0.741371 0.363959 0.135937 0.122222
0 0.866058 0.465937 0.111719 0.123611
0 0.538480 0.442940 0.095312 0.127778
0 0.744451 0.459827 0.105469 0.111111
0 0.259075 0.530450 0.116406 0.105556
0 0.770734 0.605409 0.101562 0.115278
0 0.637193 0.492794 0.099219 0.088889
0 0.426278 0.503113 0.067188 0.123611
0 0.358519 0.450732 0.082813 0.109722
0 0.110517 0.602168 0.150781 0.095833
0 0.356250 0.578472 0.084375 0.129167
0 0.242188 0.619444 0.112500 0.094444
