0 0.584711 0.407596 0.078125 0.156944
0 0.660277 0.416086 0.061719 0.168056
0 0.900718 0.553900 0.104687 0.144444
0 0.902248 0.742031 0.104687 0.170833
0 0.216448 0.063298 0.120312 0.123611
0 0.597545 0.120136 0.085938 0.177778
0 0.178300 0.650053 0.114063 0.173611
0 0.174147 0.323878 0.079687 0.118056
0 0.188776 0.446256 0.115625 0.118056
0 0.094844 0.454119 0.089844 0.123611
0 0.115423 0.314292 0.050781 0.137500
0 0.156507 0.873207 0.141406 0.184722
0 0.525786 0.715307 0.085938 0.163889
0 0.931812 0.114450 0.090625 0.154167
