0 0.689930 0.172297 0.070312 0.163889
0 0.771043 0.188322 0.091406 0.130556
0 0.493673 0.498080 0.076563 0.120833
0 0.639117 0.422998 0.065625 0.145833
0 0.704331 0.458419 0.078906 0.088889
0 0.570249 0.445709 0.073437 0.138889
0 0.155252 0.476804 0.069531 0.125000
0 0.075494 0.544129 0.128906 0.108333
0 0.438154 0.633874 0.089062 0.141667
0 0.671205 0.586428 0.094531 0.144444
0 0.364353 0.499968 0.068750 0.113889
0 0.797266 0.422222 0.107031 0.102778
0 0.832031 0.566667 0.135937 0.130556
0 0.341406 0.599306 0.101562 0.098611
0 0.244531 0.480556 0.121875 0.138889
