0 0.686972 0.158879 0.089062 0.155556
0 0.766515 0.171405 0.039062 0.141667
0 0.815012 0.182464 0.064062 0.130556
0 0.631660 0.422842 0.083594 0.143056
0 0.565557 0.548383 0.082813 0.141667
0 0.801057 0.532729 0.125000 0.109722
0 0.808214 0.411817 0.111719 0.106944
0 0.727981 0.496977 0.087500 0.138889
0 0.077365 0.485287 0.142188 0.112500
0 0.923043 0.369271 0.092969 0.138889
0 0.533212 0.398147 0.085156 0.131944
0 0.455401 0.537605 0.092188 0.140278
0 0.070465 0.585297 0.132812 0.075000
0 0.361719 0.539583 0.085938 0.168056
0 0.182812 0.457639 0.103125 0.145833
0 0.279297 0.468750 0.086719 0.126389
0 0.291406 0.360417 0.104687 0.115278
0 0.417969 0.396528 0.089062 0.123611
