0 0.759858 0.182498 0.093750 0.155556
0 0.080492 0.205453 0.075000 0.093056
0 0.619756 0.404439 0.079687 0.111111
0 0.741375 0.363929 0.135937 0.122222
0 0.866012 0.465916 0.111719 0.123611
0 0.744486 0.460078 0.105469 0.111111
0 0.259020 0.530334 0.116406 0.105556
0 0.771110 0.604868 0.101562 0.115278
0 0.627753 0.501897 0.099219 0.088889
0 0.358582 0.450653 0.082813 0.109722
0 0.356733 0.580997 0.084375 0.129167
0 0.454297 0.522222 0.074219 0.125000
0 0.103906 0.597222 0.159375 0.105556
0 0.686328 0.662500 0.096094 0.136111
0 0.514063 0.431250 0.073437 0.140278
0 0.241016 0.629861 0.099219 0.084722
