0 0.691034 0.336588 0.107031 0.133333
0 0.693840 0.470763 0.098438 0.115278
0 0.517918 0.469129 0.086719 0.137500
0 0.691034 0.336587 0.107031 0.133333
0 0.693839 0.470765 0.098438 0.115278
0 0.517917 0.469124 0.086719 0.137500
0 0.499446 0.614439 0.087500 0.154167
0 0.411046 0.398275 0.084375 0.136111
0 0.786805 0.293074 0.078906 0.113889
0 0.049293 0.320680 0.087500 0.116667
0 0.271037 0.411917 0.104687 0.148611
0 0.148792 0.311756 0.117969 0.137500
0 0.141165 0.446379 0.155469 0.122222
0 0.358461 0.547992 0.106250 0.118056
0 0.583594 0.645139 0.100000 0.134722
