0 0.690908 0.336703 0.107031 0.133333
0 0.691618 0.472685 0.098438 0.115278
0 0.690907 0.336702 0.107031 0.133333
0 0.691616 0.472686 0.098438 0.115278
0 0.786847 0.293194 0.078906 0.113889
0 0.257779 0.419367 0.120312 0.127778
0 0.136314 0.325069 0.135156 0.105556
0 0.514489 0.446472 0.077344 0.143056
0 0.383594 0.463194 0.092188 0.123611
0 0.365234 0.561806 0.122656 0.131944
0 0.275781 0.750694 0.107813 0.165278
0 0.383203 0.763889 0.100781 0.180556
0 0.498437 0.602778 0.084375 0.144444
0 0.119531 0.431944 0.151562 0.125000
