0 0.750073 0.398500 0.135937 0.147222
0 0.111629 0.217927 0.093750 0.127778
0 0.214756 0.527447 0.136719 0.102778
0 0.646487 0.412406 0.072656 0.186111
0 0.751257 0.196501 0.116406 0.151389
0 0.216368 0.643671 0.161719 0.138889
0 0.068317 0.669781 0.135937 0.144444
0 0.762111 0.564731 0.128906 0.126389
0 0.539428 0.412844 0.080469 0.147222
0 0.419521 0.434094 0.092188 0.176389
0 0.311776 0.452833 0.103125 0.155556
0 0.083675 0.491310 0.148438 0.090278
0 0.109375 0.325000 0.170312 0.130556
0 0.845312 0.434028 0.098438 0.118056
0 0.946094 0.411806 0.106250 0.148611
