0 0.125933 0.050453 0.057031 0.100000
0 0.194348 0.330123 0.067969 0.105556
0 0.584757 0.407468 0.078125 0.156944
0 0.659943 0.416303 0.061719 0.168056
0 0.900234 0.553861 0.104687 0.144444
0 0.902079 0.741302 0.104687 0.170833
0 0.597772 0.120525 0.085938 0.177778
0 0.178480 0.649792 0.114063 0.173611
0 0.097235 0.456331 0.089844 0.123611
0 0.114975 0.316792 0.050781 0.137500
0 0.525917 0.715317 0.085938 0.163889
0 0.930213 0.114693 0.090625 0.154167
0 0.189722 0.471385 0.096094 0.138889
0 0.201939 0.134657 0.127344 0.144444
0 0.097822 0.831883 0.182812 0.144444
