0 0.292975 0.331962 0.112500 0.144444
0 0.308275 0.132840 0.098438 0.112500
0 0.564985 0.616616 0.096875 0.161111
0 0.947681 0.928506 0.102344 0.134722
0 0.354744 0.867370 0.067188 0.156944
0 0.295611 0.932265 0.061719 0.126389
0 0.440970 0.948848 0.092969 0.088889
0 0.416835 0.826542 0.061719 0.141667
0 0.545871 0.796575 0.105469 0.148611
0 0.216833 0.868832 0.085156 0.115278
0 0.791809 0.851521 0.108594 0.152778
0 0.835596 0.939677 0.121094 0.109722
0 0.047656 0.161806 0.095312 0.204167
0 0.670703 0.890972 0.094531 0.176389
0 0.548437 0.925000 0.062500 0.113889
