0 0.108629 0.332422 0.062500 0.126389
0 0.584526 0.407165 0.078125 0.156944
0 0.662586 0.416710 0.061719 0.168056
0 0.920180 0.107100 0.104687 0.155556
0 0.901393 0.553916 0.104687 0.144444
0 0.903931 0.746005 0.104687 0.170833
0 0.216707 0.062861 0.120312 0.123611
0 0.124856 0.051134 0.061719 0.100000
0 0.226630 0.926545 0.115625 0.143056
0 0.182722 0.330016 0.081250 0.104167
0 0.352107 0.916529 0.110156 0.163889
0 0.597463 0.117352 0.085938 0.177778
0 0.096205 0.421697 0.076563 0.126389
0 0.164110 0.616833 0.112500 0.173611
0 0.200719 0.462485 0.109375 0.136111
0 0.507031 0.713194 0.070312 0.184722
