0 0.584709 0.407820 0.078125 0.156944
0 0.659185 0.408513 0.061719 0.168056
0 0.598737 0.120215 0.085938 0.177778
0 0.164313 0.646724 0.114063 0.173611
0 0.105949 0.436944 0.089844 0.123611
0 0.525864 0.715424 0.085938 0.163889
0 0.931056 0.115936 0.090625 0.154167
0 0.227817 0.157886 0.117969 0.169444
0 0.198176 0.454925 0.092969 0.129167
0 0.187656 0.329829 0.067969 0.131944
0 0.113719 0.334747 0.058594 0.100000
0 0.091104 0.905260 0.146094 0.179167
0 0.149894 0.133931 0.046875 0.100000
0 0.964720 0.757021 0.064062 0.155556
0 0.904284 0.553063 0.110937 0.125000
0 0.067969 0.104167 0.107813 0.127778
