0 0.584461 0.416578 0.084375 0.169444
0 0.681694 0.411302 0.079687 0.175000
0 0.901452 0.542036 0.100000 0.144444
0 0.523208 0.716681 0.074219 0.152778
0 0.976737 0.749305 0.045313 0.134722
0 0.595169 0.126028 0.086719 0.163889
0 0.133134 0.133490 0.061719 0.093056
0 0.043573 0.140541 0.076563 0.166667
0 0.882911 0.750924 0.089844 0.126389
0 0.140241 0.347332 0.124219 0.122222
0 0.190303 0.465269 0.096875 0.113889
0 0.036882 0.330060 0.062500 0.097222
0 0.098412 0.470221 0.087500 0.111111
0 0.273565 0.192230 0.063281 0.088889
0 0.177624 0.671125 0.119531 0.148611
0 0.153025 0.935666 0.135937 0.134722
0 0.374179 0.167886 0.095312 0.138889
0 0.366406 0.662500 0.114063 0.213889
0 0.926953 0.110417 0.100781 0.137500
