0 0.689922 0.172339 0.070312 0.163889
0 0.771453 0.189319 0.091406 0.130556
0 0.493736 0.498284 0.076563 0.120833
0 0.639073 0.422982 0.065625 0.145833
0 0.704366 0.458433 0.078906 0.088889
0 0.570291 0.445733 0.073437 0.138889
0 0.154950 0.475174 0.069531 0.125000
0 0.075815 0.543805 0.128906 0.108333
0 0.438245 0.634004 0.089062 0.141667
0 0.353516 0.347917 0.099219 0.193056
0 0.226172 0.412500 0.107031 0.097222
0 0.360938 0.503472 0.082813 0.109722
0 0.338281 0.618750 0.115625 0.137500
0 0.798828 0.407639 0.124219 0.123611
0 0.830859 0.570833 0.127344 0.147222
0 0.669141 0.581944 0.094531 0.144444
