0 0.108723 0.332711 0.062500 0.126389
0 0.584494 0.407354 0.078125 0.156944
0 0.662437 0.416363 0.061719 0.168056
0 0.921655 0.093073 0.104687 0.155556
0 0.901748 0.553986 0.104687 0.144444
0 0.903764 0.745792 0.104687 0.170833
0 0.216715 0.062806 0.120312 0.123611
0 0.124862 0.051122 0.061719 0.100000
0 0.226390 0.926133 0.115625 0.143056
0 0.184071 0.330053 0.081250 0.104167
0 0.351235 0.916794 0.110156 0.163889
0 0.597248 0.117028 0.085938 0.177778
0 0.088563 0.428547 0.076563 0.126389
0 0.167269 0.656489 0.112500 0.173611
0 0.626562 0.843750 0.110937 0.190278
0 0.197656 0.468056 0.109375 0.136111
