0 0.110809 0.333627 0.062500 0.126389
0 0.584480 0.407337 0.078125 0.156944
0 0.662765 0.416465 0.061719 0.168056
0 0.918809 0.109368 0.104687 0.155556
0 0.901957 0.553997 0.104687 0.144444
0 0.903847 0.745856 0.104687 0.170833
0 0.178357 0.466569 0.088281 0.108333
0 0.108167 0.463673 0.087500 0.120833
0 0.216660 0.063019 0.120312 0.123611
0 0.124794 0.051105 0.061719 0.100000
0 0.226783 0.927227 0.115625 0.143056
0 0.181558 0.329675 0.081250 0.104167
0 0.351113 0.916812 0.110156 0.163889
0 0.173828 0.649306 0.113281 0.170833
0 0.596875 0.119444 0.085938 0.177778
