0 0.754452 0.181580 0.093750 0.155556
0 0.080500 0.201539 0.075000 0.093056
0 0.800855 0.372163 0.117188 0.136111
0 0.805970 0.497665 0.114063 0.105556
0 0.932491 0.462706 0.132031 0.091667
0 0.162459 0.603075 0.156250 0.119444
0 0.402371 0.459611 0.085938 0.108333
0 0.300741 0.522838 0.087500 0.084722
0 0.391246 0.593849 0.074219 0.113889
0 0.297633 0.611063 0.100000 0.088889
0 0.564897 0.456085 0.071875 0.156944
0 0.627839 0.512423 0.085156 0.112500
0 0.502681 0.480512 0.058594 0.147222
0 0.619531 0.405556 0.079687 0.111111
0 0.804688 0.601389 0.125000 0.113889
0 0.732813 0.669444 0.118750 0.136111
