0 0.689848 0.172189 0.070312 0.163889
0 0.770359 0.175990 0.092188 0.134722
0 0.237089 0.435416 0.119531 0.148611
0 0.137898 0.454820 0.080469 0.123611
0 0.319062 0.472649 0.086719 0.119444
0 0.457448 0.494287 0.069531 0.133333
0 0.242739 0.565689 0.121875 0.137500
0 0.455903 0.628458 0.089844 0.123611
0 0.562938 0.502857 0.067969 0.127778
0 0.659345 0.527088 0.118750 0.129167
0 0.918401 0.414422 0.130469 0.093056
0 0.392258 0.504085 0.070312 0.113889
0 0.561433 0.617917 0.085938 0.130556
0 0.764883 0.472844 0.117188 0.104167
0 0.629964 0.680442 0.080469 0.147222
0 0.832127 0.555033 0.102344 0.097222
0 0.101562 0.663194 0.123438 0.112500
0 0.184375 0.701389 0.135937 0.122222
0 0.122656 0.578472 0.131250 0.093056
