0 0.584677 0.407506 0.078125 0.156944
0 0.663517 0.416015 0.061719 0.168056
0 0.919682 0.107619 0.104687 0.155556
0 0.901647 0.553934 0.104687 0.144444
0 0.903659 0.745653 0.104687 0.170833
0 0.216565 0.062843 0.120312 0.123611
0 0.124882 0.051167 0.061719 0.100000
0 0.226790 0.926675 0.115625 0.143056
0 0.182926 0.330288 0.081250 0.104167
0 0.352176 0.916905 0.110156 0.163889
0 0.597495 0.117082 0.085938 0.177778
0 0.188923 0.442691 0.109375 0.136111
0 0.178587 0.650518 0.114063 0.173611
0 0.499926 0.714584 0.082813 0.156944
0 0.105482 0.309737 0.071094 0.130556
0 0.098828 0.470139 0.069531 0.154167
