0 0.754392 0.201625 0.094531 0.166667
0 0.725740 0.500607 0.123438 0.168056
0 0.841734 0.443055 0.146094 0.119444
0 0.833382 0.598231 0.127344 0.122222
0 0.147189 0.476263 0.130469 0.105556
0 0.137640 0.591559 0.154687 0.097222
0 0.572926 0.403409 0.069531 0.118056
0 0.602599 0.507602 0.083594 0.097222
0 0.346150 0.453468 0.081250 0.140278
0 0.274861 0.586932 0.113281 0.118056
0 0.252779 0.419325 0.108594 0.116667
0 0.954296 0.395082 0.082031 0.104167
0 0.947431 0.661424 0.107031 0.136111
0 0.432031 0.452778 0.093750 0.163889
