0 0.750477 0.207984 0.089844 0.151389
0 0.443814 0.520016 0.090625 0.101389
0 0.501882 0.450107 0.074219 0.155556
0 0.458902 0.637965 0.105469 0.120833
0 0.589801 0.441749 0.090625 0.191667
0 0.683306 0.375592 0.102344 0.137500
0 0.852901 0.426271 0.108594 0.138889
0 0.761752 0.440943 0.067188 0.176389
0 0.039495 0.204415 0.071094 0.150000
0 0.289765 0.602585 0.125781 0.134722
0 0.115815 0.236253 0.078906 0.098611
0 0.135753 0.403672 0.136719 0.165278
0 0.264176 0.442830 0.129688 0.150000
0 0.884807 0.579110 0.127344 0.106944
0 0.356256 0.454132 0.081250 0.130556
