0 0.781720 0.196170 0.103906 0.161111
0 0.381164 0.422156 0.081250 0.097222
0 0.622246 0.459064 0.097656 0.118056
0 0.753544 0.427892 0.150781 0.125000
0 0.802600 0.539754 0.135156 0.102778
0 0.489438 0.510403 0.083594 0.170833
0 0.765840 0.620165 0.152344 0.125000
0 0.916825 0.460515 0.138281 0.098611
0 0.367463 0.535672 0.107813 0.097222
0 0.591222 0.627867 0.108594 0.152778
0 0.084766 0.579167 0.150781 0.108333
0 0.044922 0.429167 0.089844 0.097222
0 0.272656 0.521528 0.078125 0.134722
0 0.150781 0.452083 0.139062 0.145833
