0 0.754672 0.181303 0.093750 0.155556
0 0.080639 0.201109 0.075000 0.093056
0 0.800943 0.372204 0.117188 0.136111
0 0.807571 0.496812 0.114063 0.105556
0 0.932625 0.462663 0.132031 0.091667
0 0.809522 0.611776 0.103125 0.109722
0 0.162488 0.602971 0.156250 0.119444
0 0.402347 0.459593 0.085938 0.108333
0 0.300794 0.522776 0.087500 0.084722
0 0.389448 0.594429 0.074219 0.113889
0 0.297745 0.611136 0.100000 0.088889
0 0.564889 0.456267 0.071875 0.156944
0 0.502748 0.543002 0.069531 0.141667
0 0.661792 0.418073 0.082813 0.116667
0 0.657812 0.541667 0.098438 0.125000
0 0.740625 0.661111 0.107813 0.141667
