0 0.358469 0.450685 0.082813 0.109722
0 0.350134 0.561588 0.084375 0.129167
0 0.444658 0.510187 0.074219 0.125000
0 0.104444 0.599023 0.159375 0.105556
0 0.237560 0.618896 0.102344 0.091667
0 0.493754 0.446954 0.064062 0.138889
0 0.752247 0.594324 0.114063 0.108333
0 0.704778 0.333339 0.101562 0.122222
0 0.560835 0.393708 0.076563 0.101389
0 0.233349 0.528903 0.104687 0.108333
0 0.832382 0.425866 0.138281 0.137500
0 0.090079 0.191258 0.077344 0.109722
0 0.684965 0.467168 0.100781 0.120833
0 0.758126 0.185506 0.096875 0.152778
0 0.576107 0.489490 0.080469 0.108333
0 0.662622 0.645283 0.092969 0.137500
