0 0.690933 0.336642 0.107031 0.133333
0 0.694524 0.470827 0.098438 0.115278
0 0.513858 0.446016 0.086719 0.137500
0 0.500869 0.614011 0.087500 0.154167
0 0.690934 0.336640 0.107031 0.133333
0 0.694522 0.470828 0.098438 0.115278
0 0.513860 0.446017 0.086719 0.137500
0 0.499473 0.614765 0.087500 0.154167
0 0.410977 0.398371 0.084375 0.136111
0 0.352351 0.529624 0.100000 0.119444
0 0.786923 0.292905 0.078906 0.113889
0 0.049239 0.320794 0.087500 0.116667
0 0.271084 0.411913 0.104687 0.148611
0 0.148828 0.311806 0.117969 0.137500
0 0.140234 0.423611 0.155469 0.122222
0 0.596484 0.353472 0.105469 0.195833
