0 0.696091 0.179729 0.075781 0.154167
0 0.409076 0.467454 0.074219 0.134722
0 0.666059 0.474413 0.082031 0.134722
0 0.265141 0.428086 0.113281 0.113889
0 0.753653 0.377889 0.099219 0.083333
0 0.564820 0.338128 0.078125 0.126389
0 0.735988 0.461201 0.067188 0.086111
0 0.475791 0.488301 0.071875 0.115278
0 0.832447 0.600740 0.110156 0.104167
0 0.811358 0.506888 0.107031 0.102778
0 0.564382 0.479762 0.064062 0.095833
0 0.516875 0.407503 0.064844 0.101389
0 0.713955 0.586398 0.106250 0.104167
0 0.796081 0.170875 0.060938 0.108333
0 0.180358 0.505656 0.121875 0.105556
0 0.350220 0.625602 0.090625 0.156944
0 0.321875 0.511806 0.087500 0.095833
