0 0.564620 0.468220 0.075781 0.113889
0 0.660326 0.444254 0.065625 0.066667
0 0.652042 0.387379 0.088281 0.094444
0 0.720440 0.510925 0.096875 0.105556
0 0.688261 0.175237 0.076563 0.156944
0 0.763841 0.176383 0.050781 0.091667
0 0.808148 0.527961 0.083594 0.105556
0 0.910181 0.586430 0.106250 0.120833
0 0.312631 0.470221 0.096875 0.104167
0 0.638537 0.611328 0.091406 0.122222
0 0.453970 0.339768 0.087500 0.140278
0 0.182921 0.577737 0.135937 0.100000
0 0.441269 0.450906 0.060938 0.083333
0 0.378220 0.364173 0.082813 0.130556
0 0.728892 0.625675 0.096875 0.120833
