0 0.929071 0.106685 0.103125 0.159722
0 0.584334 0.416728 0.084375 0.169444
0 0.670364 0.411430 0.079687 0.175000
0 0.907679 0.542836 0.100000 0.144444
0 0.894852 0.747997 0.114063 0.190278
0 0.531565 0.702825 0.074219 0.152778
0 0.156286 0.930993 0.142969 0.134722
0 0.608927 0.124011 0.096094 0.188889
0 0.264975 0.387447 0.138281 0.140278
0 0.976565 0.749303 0.045313 0.134722
0 0.119114 0.128738 0.045313 0.065278
0 0.116861 0.319937 0.075000 0.106944
0 0.099229 0.461147 0.076563 0.119444
0 0.260221 0.165520 0.060156 0.088889
0 0.046959 0.121287 0.092188 0.120833
0 0.171259 0.403638 0.093750 0.119444
0 0.165234 0.647917 0.125781 0.173611
0 0.399219 0.123611 0.106250 0.152778
