0 0.381192 0.422184 0.081250 0.097222
0 0.489418 0.510404 0.083594 0.170833
0 0.371258 0.546999 0.107813 0.097222
0 0.593075 0.645382 0.108594 0.152778
0 0.045033 0.429337 0.089844 0.097222
0 0.272567 0.521493 0.078125 0.134722
0 0.150827 0.451998 0.139062 0.145833
0 0.692179 0.425589 0.114063 0.115278
0 0.758234 0.529204 0.116406 0.111111
0 0.111399 0.567021 0.169531 0.113889
0 0.752840 0.657236 0.145313 0.118056
0 0.852344 0.463194 0.134375 0.126389
0 0.601562 0.484722 0.095312 0.136111
0 0.747656 0.207639 0.121875 0.154167
