0 0.564502 0.468273 0.075781 0.113889
0 0.660307 0.444250 0.065625 0.066667
0 0.651960 0.387213 0.088281 0.094444
0 0.720475 0.510966 0.096875 0.105556
0 0.751098 0.603524 0.110156 0.118056
0 0.480549 0.357926 0.090625 0.129167
0 0.693532 0.185100 0.076563 0.156944
0 0.438777 0.491266 0.064844 0.091667
0 0.760818 0.183307 0.050781 0.091667
0 0.386144 0.389861 0.065625 0.109722
0 0.109029 0.634864 0.130469 0.100000
0 0.205453 0.543761 0.129688 0.098611
0 0.323473 0.468883 0.093750 0.120833
0 0.816021 0.524759 0.086719 0.111111
0 0.630314 0.608637 0.081250 0.111111
0 0.905859 0.579167 0.117969 0.122222
