0 0.584707 0.407529 0.078125 0.156944
0 0.660196 0.416208 0.061719 0.168056
0 0.900284 0.553871 0.104687 0.144444
0 0.902090 0.741179 0.104687 0.170833
0 0.597709 0.120010 0.085938 0.177778
0 0.178424 0.650125 0.114063 0.173611
0 0.091317 0.453672 0.089844 0.123611
0 0.114632 0.315740 0.050781 0.137500
0 0.525805 0.715292 0.085938 0.163889
0 0.929554 0.114711 0.090625 0.154167
0 0.131641 0.852083 0.146094 0.170833
0 0.207422 0.063194 0.103906 0.120833
0 0.126172 0.051389 0.057031 0.100000
0 0.187109 0.464583 0.091406 0.145833
0 0.187109 0.327778 0.067969 0.105556
