0 0.691006 0.335960 0.107031 0.133333
0 0.695710 0.470285 0.098438 0.115278
0 0.157444 0.358017 0.119531 0.108333
0 0.513638 0.446152 0.086719 0.137500
0 0.500677 0.613788 0.087500 0.154167
0 0.691006 0.335958 0.107031 0.133333
0 0.695709 0.470286 0.098438 0.115278
0 0.157440 0.358016 0.119531 0.108333
0 0.513640 0.446154 0.086719 0.137500
0 0.499270 0.614541 0.087500 0.154167
0 0.136570 0.435934 0.149219 0.086111
0 0.410982 0.398396 0.084375 0.136111
0 0.050345 0.318658 0.093750 0.108333
0 0.359640 0.560468 0.100000 0.119444
0 0.787024 0.292817 0.078906 0.113889
0 0.264062 0.429861 0.118750 0.126389
