0 0.125939 0.050584 0.057031 0.100000
0 0.584789 0.407352 0.078125 0.156944
0 0.659898 0.416370 0.061719 0.168056
0 0.899540 0.553793 0.104687 0.144444
0 0.902479 0.742053 0.104687 0.170833
0 0.597647 0.120541 0.085938 0.177778
0 0.178988 0.650678 0.114063 0.173611
0 0.095967 0.456292 0.089844 0.123611
0 0.107875 0.322840 0.050781 0.137500
0 0.525876 0.715451 0.085938 0.163889
0 0.931585 0.114885 0.090625 0.154167
0 0.179031 0.462768 0.096094 0.138889
0 0.180602 0.331799 0.078125 0.111111
0 0.122125 0.874220 0.138281 0.162500
0 0.199609 0.132639 0.146094 0.162500
