0 0.757040 0.195812 0.093750 0.155556
0 0.080403 0.199888 0.075000 0.093056
0 0.372379 0.616443 0.097656 0.087500
0 0.371710 0.520589 0.087500 0.105556
0 0.475803 0.457447 0.078125 0.090278
0 0.562257 0.536339 0.071875 0.095833
0 0.614014 0.429933 0.082813 0.109722
0 0.701042 0.425821 0.082031 0.104167
0 0.755256 0.663458 0.091406 0.122222
0 0.800799 0.372238 0.117188 0.136111
0 0.163308 0.599949 0.138281 0.098611
0 0.810001 0.494003 0.114063 0.105556
0 0.932484 0.462640 0.132031 0.091667
0 0.704641 0.543791 0.085156 0.094444
0 0.462197 0.585524 0.081250 0.111111
0 0.807958 0.608023 0.103125 0.109722
