0 0.584779 0.407612 0.078125 0.156944
0 0.659744 0.408604 0.061719 0.168056
0 0.900426 0.553887 0.104687 0.144444
0 0.598691 0.119930 0.085938 0.177778
0 0.164315 0.648687 0.114063 0.173611
0 0.107842 0.441473 0.089844 0.123611
0 0.525888 0.715419 0.085938 0.163889
0 0.931942 0.114973 0.090625 0.154167
0 0.227627 0.158716 0.117969 0.169444
0 0.192859 0.453909 0.092969 0.129167
0 0.188856 0.341322 0.067969 0.131944
0 0.113631 0.334830 0.058594 0.100000
0 0.091249 0.905451 0.146094 0.179167
0 0.073135 0.114137 0.096875 0.122222
0 0.141133 0.134725 0.046875 0.100000
0 0.965034 0.757152 0.064062 0.155556
