0 0.752645 0.193957 0.082813 0.147222
0 0.595693 0.434634 0.075781 0.147222
0 0.048550 0.180503 0.091406 0.123611
0 0.239730 0.469411 0.078125 0.102778
0 0.169195 0.524379 0.080469 0.143056
0 0.091127 0.572208 0.084375 0.100000
0 0.680080 0.416478 0.075781 0.100000
0 0.689434 0.520229 0.103906 0.094444
0 0.921903 0.427854 0.143750 0.141667
0 0.265838 0.572605 0.105469 0.088889
0 0.343428 0.441715 0.097656 0.113889
0 0.437886 0.397928 0.096094 0.129167
0 0.412075 0.585498 0.096094 0.120833
0 0.868359 0.601389 0.157031 0.116667
0 0.794922 0.439583 0.108594 0.140278
