0 0.750396 0.208136 0.089844 0.151389
0 0.374204 0.444359 0.082813 0.158333
0 0.443817 0.520055 0.090625 0.101389
0 0.501854 0.450016 0.074219 0.155556
0 0.458113 0.638015 0.105469 0.120833
0 0.589803 0.441728 0.090625 0.191667
0 0.683247 0.375494 0.102344 0.137500
0 0.852713 0.426476 0.108594 0.138889
0 0.761775 0.440902 0.067188 0.176389
0 0.265954 0.433444 0.119531 0.163889
0 0.039454 0.204442 0.071094 0.150000
0 0.288438 0.601649 0.125781 0.134722
0 0.115741 0.236324 0.078906 0.098611
0 0.135650 0.403371 0.136719 0.165278
