0 0.756449 0.183978 0.093750 0.155556
0 0.080754 0.200737 0.075000 0.093056
0 0.161499 0.604466 0.156250 0.119444
0 0.402299 0.459609 0.085938 0.108333
0 0.300644 0.522826 0.087500 0.084722
0 0.388695 0.599500 0.074219 0.113889
0 0.297674 0.611025 0.100000 0.088889
0 0.564933 0.456060 0.071875 0.156944
0 0.619496 0.405585 0.079687 0.111111
0 0.761416 0.563452 0.125000 0.113889
0 0.713873 0.685317 0.118750 0.136111
0 0.642793 0.509564 0.092188 0.125000
0 0.501556 0.516752 0.070312 0.119444
0 0.769855 0.343054 0.116406 0.138889
0 0.898811 0.476396 0.149219 0.080556
0 0.734516 0.457697 0.123438 0.112500
0 0.083984 0.319444 0.167969 0.105556
