0 0.689821 0.172263 0.070312 0.163889
0 0.642563 0.496540 0.089844 0.123611
0 0.616821 0.638127 0.082813 0.109722
0 0.541425 0.508853 0.082813 0.145833
0 0.471500 0.502802 0.052344 0.113889
0 0.509231 0.634163 0.085938 0.105556
0 0.714672 0.650752 0.097656 0.122222
0 0.771606 0.170891 0.092188 0.134722
0 0.287319 0.577996 0.121094 0.118056
0 0.161914 0.553030 0.101562 0.102778
0 0.743410 0.483993 0.125781 0.168056
0 0.849671 0.565931 0.103906 0.151389
0 0.277735 0.432216 0.100781 0.116667
0 0.166409 0.426391 0.129688 0.119444
0 0.376172 0.470833 0.092969 0.111111
