0 0.750396 0.208112 0.089844 0.151389
0 0.852793 0.426427 0.108594 0.138889
0 0.101469 0.204088 0.089062 0.127778
0 0.884813 0.574015 0.138281 0.126389
0 0.347315 0.623909 0.118750 0.130556
0 0.661287 0.370941 0.081250 0.176389
0 0.147114 0.598183 0.182031 0.151389
0 0.319218 0.534338 0.126563 0.094444
0 0.738280 0.421589 0.079687 0.176389
0 0.956957 0.449971 0.082813 0.108333
0 0.095703 0.451389 0.150781 0.122222
0 0.223828 0.409722 0.133594 0.111111
0 0.408203 0.471528 0.088281 0.140278
0 0.529297 0.443056 0.089844 0.163889
