0 0.358389 0.450747 0.082813 0.109722
0 0.352362 0.575121 0.084375 0.129167
0 0.444686 0.510256 0.074219 0.125000
0 0.104201 0.599089 0.159375 0.105556
0 0.237623 0.618994 0.102344 0.091667
0 0.493686 0.446914 0.064062 0.138889
0 0.752289 0.594287 0.114063 0.108333
0 0.704805 0.333309 0.101562 0.122222
0 0.560860 0.393670 0.076563 0.101389
0 0.233476 0.528864 0.104687 0.108333
0 0.832406 0.425649 0.138281 0.137500
0 0.084821 0.195419 0.077344 0.109722
0 0.685469 0.463582 0.100781 0.120833
0 0.758143 0.185479 0.096875 0.152778
0 0.568856 0.503513 0.080469 0.108333
0 0.662891 0.645139 0.092969 0.137500
