0 0.690986 0.336490 0.107031 0.133333
0 0.685659 0.482379 0.098438 0.115278
0 0.690987 0.336489 0.107031 0.133333
0 0.685657 0.482380 0.098438 0.115278
0 0.786726 0.293206 0.078906 0.113889
0 0.257766 0.419397 0.120312 0.127778
0 0.383689 0.462930 0.092188 0.123611
0 0.099535 0.327697 0.147656 0.133333
0 0.491576 0.597339 0.098438 0.154167
0 0.506545 0.415627 0.063281 0.130556
0 0.355469 0.679167 0.110937 0.147222
0 0.312891 0.802083 0.125781 0.156944
0 0.121875 0.440972 0.154687 0.134722
0 0.355469 0.552083 0.104687 0.104167
