0 0.692180 0.425618 0.114063 0.115278
0 0.747746 0.207392 0.121875 0.154167
0 0.582602 0.456354 0.095312 0.140278
0 0.588515 0.634972 0.097656 0.143056
0 0.354699 0.548253 0.122656 0.127778
0 0.237508 0.499831 0.098438 0.136111
0 0.479718 0.472363 0.071875 0.155556
0 0.344848 0.424813 0.099219 0.111111
0 0.829678 0.491570 0.104687 0.133333
0 0.140647 0.442456 0.118750 0.143056
0 0.751018 0.649907 0.134375 0.144444
0 0.922995 0.413804 0.147656 0.122222
0 0.722624 0.547149 0.135937 0.102778
0 0.083307 0.591048 0.146875 0.123611
