0 0.584889 0.407071 0.078125 0.156944
0 0.670941 0.415793 0.061719 0.168056
0 0.599028 0.121663 0.085938 0.177778
0 0.171222 0.651387 0.114063 0.173611
0 0.525940 0.715468 0.085938 0.163889
0 0.923480 0.114537 0.090625 0.154167
0 0.970972 0.751569 0.064062 0.155556
0 0.908203 0.553309 0.110937 0.125000
0 0.143966 0.117444 0.050781 0.098611
0 0.092450 0.453789 0.075781 0.129167
0 0.327407 0.351837 0.065625 0.111111
0 0.121779 0.322347 0.043750 0.100000
0 0.217513 0.326942 0.140625 0.169444
0 0.187413 0.461147 0.096094 0.100000
0 0.221760 0.093085 0.115625 0.156944
0 0.894170 0.752768 0.082813 0.126389
0 0.048856 0.110539 0.096875 0.141667
