0 0.689760 0.172217 0.070312 0.163889
0 0.771814 0.174513 0.092188 0.134722
0 0.744458 0.658599 0.113281 0.137500
0 0.848841 0.565547 0.100781 0.108333
0 0.336702 0.490338 0.084375 0.119444
0 0.237111 0.435530 0.119531 0.148611
0 0.129327 0.424282 0.091406 0.095833
0 0.635440 0.614004 0.094531 0.133333
0 0.087676 0.638979 0.149219 0.130556
0 0.254083 0.601187 0.128125 0.137500
0 0.402305 0.558699 0.073437 0.123611
0 0.633286 0.498420 0.080469 0.111111
0 0.748026 0.490930 0.141406 0.129167
0 0.497266 0.634028 0.088281 0.129167
0 0.477344 0.515278 0.076563 0.122222
