0 0.610600 0.411122 0.103906 0.172222
0 0.723571 0.512605 0.104687 0.150000
0 0.827295 0.519653 0.096875 0.112500
0 0.781577 0.409575 0.117969 0.097222
0 0.898841 0.362000 0.128906 0.172222
0 0.820945 0.211571 0.042188 0.137500
0 0.767127 0.189034 0.060938 0.150000
0 0.690979 0.186514 0.088281 0.187500
0 0.058253 0.485119 0.116406 0.126389
0 0.504258 0.410013 0.085156 0.145833
0 0.367931 0.358199 0.056250 0.130556
0 0.560550 0.539454 0.100781 0.145833
0 0.284375 0.372917 0.100000 0.151389
0 0.192578 0.445139 0.099219 0.129167
0 0.167578 0.604861 0.177344 0.159722
0 0.359375 0.482639 0.093750 0.095833
0 0.435547 0.549306 0.083594 0.123611
