0 0.292955 0.331759 0.112500 0.144444
0 0.565295 0.616648 0.096875 0.161111
0 0.759505 0.872189 0.092188 0.141667
0 0.307583 0.170199 0.091406 0.120833
0 0.292955 0.331760 0.112500 0.144444
0 0.565298 0.616646 0.096875 0.161111
0 0.759508 0.872191 0.092188 0.141667
0 0.307584 0.170198 0.091406 0.120833
0 0.292955 0.331759 0.112500 0.144444
0 0.565295 0.616648 0.096875 0.161111
0 0.759504 0.872190 0.092188 0.141667
0 0.307583 0.170200 0.091406 0.120833
0 0.292955 0.331759 0.112500 0.144444
0 0.565295 0.616644 0.096875 0.161111
0 0.759508 0.872192 0.092188 0.141667
0 0.307583 0.170198 0.091406 0.120833
0 0.875098 0.911321 0.115625 0.166667
0 0.481189 0.776448 0.087500 0.130556
0 0.297742 0.868348 0.070312 0.188889
0 0.481328 0.907097 0.060938 0.111111
0 0.378548 0.933432 0.085156 0.108333
0 0.163652 0.827962 0.122656 0.155556
0 0.636382 0.835375 0.080469 0.181944
0 0.364453 0.807639 0.072656 0.148611
