0 0.584802 0.407358 0.078125 0.156944
0 0.660243 0.407135 0.061719 0.168056
0 0.598651 0.120160 0.085938 0.177778
0 0.168452 0.647961 0.114063 0.173611
0 0.525937 0.715464 0.085938 0.163889
0 0.925146 0.115027 0.090625 0.154167
0 0.964724 0.757275 0.064062 0.155556
0 0.907845 0.553228 0.110937 0.125000
0 0.181019 0.317856 0.083594 0.115278
0 0.087924 0.905808 0.132031 0.169444
0 0.162081 0.102157 0.050781 0.098611
0 0.249303 0.125193 0.117969 0.162500
0 0.104047 0.446176 0.080469 0.100000
0 0.415234 0.204167 0.061719 0.141667
0 0.306250 0.365278 0.148438 0.211111
0 0.189063 0.451389 0.087500 0.097222
0 0.121484 0.316667 0.047656 0.108333
0 0.062891 0.103472 0.124219 0.137500
