0 0.292992 0.331996 0.112500 0.144444
0 0.305656 0.147453 0.098438 0.112500
0 0.565088 0.616584 0.096875 0.161111
0 0.729405 0.911944 0.097656 0.154167
0 0.824048 0.865601 0.107031 0.150000
0 0.947928 0.928643 0.102344 0.134722
0 0.209376 0.861767 0.098438 0.129167
0 0.834376 0.960387 0.106250 0.070833
0 0.354757 0.867362 0.067188 0.156944
0 0.540535 0.917751 0.068750 0.147222
0 0.295638 0.932378 0.061719 0.126389
0 0.580518 0.797315 0.073437 0.152778
0 0.441163 0.948499 0.092969 0.088889
0 0.416654 0.826603 0.061719 0.141667
