0 0.692218 0.425414 0.114063 0.115278
0 0.582464 0.456360 0.095312 0.140278
0 0.237317 0.499533 0.098438 0.136111
0 0.344884 0.424971 0.099219 0.111111
0 0.720022 0.537193 0.135937 0.102778
0 0.138271 0.454769 0.095312 0.137500
0 0.581671 0.636944 0.113281 0.180556
0 0.471893 0.456825 0.068750 0.188889
0 0.353802 0.531308 0.127344 0.100000
0 0.744959 0.654611 0.130469 0.126389
0 0.078432 0.567502 0.124219 0.102778
0 0.926147 0.424238 0.089844 0.140278
0 0.752151 0.204634 0.089844 0.151389
0 0.816016 0.442361 0.116406 0.112500
0 0.746094 0.317361 0.134375 0.104167
