0 0.689910 0.172425 0.070312 0.163889
0 0.773135 0.190550 0.091406 0.130556
0 0.493857 0.498190 0.076563 0.120833
0 0.244533 0.480659 0.121875 0.138889
0 0.416079 0.631676 0.077344 0.148611
0 0.365394 0.474998 0.079687 0.133333
0 0.325504 0.563903 0.076563 0.125000
0 0.556742 0.450341 0.066406 0.144444
0 0.614757 0.424253 0.065625 0.126389
0 0.668363 0.584743 0.149219 0.122222
0 0.059299 0.545237 0.111719 0.109722
0 0.692280 0.472172 0.092188 0.105556
0 0.794143 0.407118 0.138281 0.119444
0 0.156334 0.552088 0.081250 0.131944
0 0.823828 0.571528 0.135156 0.156944
