0 0.750403 0.208118 0.089844 0.151389
0 0.501861 0.449991 0.074219 0.155556
0 0.458766 0.638182 0.105469 0.120833
0 0.589787 0.441813 0.090625 0.191667
0 0.683147 0.375721 0.102344 0.137500
0 0.852865 0.426251 0.108594 0.138889
0 0.761759 0.441032 0.067188 0.176389
0 0.288917 0.602370 0.125781 0.134722
0 0.115681 0.236130 0.078906 0.098611
0 0.887225 0.580794 0.127344 0.106944
0 0.356050 0.454308 0.081250 0.130556
0 0.249145 0.425694 0.120312 0.129167
0 0.422264 0.529190 0.105469 0.113889
0 0.131641 0.433333 0.111719 0.200000
