0 0.689859 0.172285 0.070312 0.163889
0 0.562915 0.502531 0.067969 0.127778
0 0.560087 0.625602 0.085938 0.130556
0 0.617979 0.682858 0.080469 0.147222
0 0.650676 0.521352 0.132812 0.120833
0 0.750103 0.477751 0.092188 0.161111
0 0.760543 0.180940 0.089844 0.126389
0 0.438416 0.641224 0.106250 0.127778
0 0.463602 0.515847 0.071094 0.137500
0 0.349229 0.497976 0.123438 0.134722
0 0.208448 0.535843 0.138281 0.088889
0 0.179687 0.431273 0.176563 0.095833
0 0.053125 0.663194 0.106250 0.095833
0 0.900391 0.569444 0.121094 0.130556
