0 0.754365 0.201661 0.094531 0.166667
0 0.841705 0.443130 0.146094 0.119444
0 0.833661 0.597533 0.127344 0.122222
0 0.147199 0.476216 0.130469 0.105556
0 0.153647 0.599407 0.154687 0.097222
0 0.346082 0.453441 0.081250 0.140278
0 0.954218 0.395209 0.082031 0.104167
0 0.947402 0.661781 0.107031 0.136111
0 0.532024 0.415349 0.067188 0.125000
0 0.227011 0.400586 0.136719 0.126389
0 0.498828 0.553472 0.085156 0.131944
0 0.417578 0.457639 0.067969 0.137500
0 0.286719 0.583333 0.106250 0.094444
0 0.692187 0.493750 0.098438 0.159722
