0 0.691095 0.336614 0.107031 0.133333
0 0.779295 0.330738 0.060938 0.125000
0 0.694126 0.472282 0.098438 0.115278
0 0.157322 0.357816 0.119531 0.108333
0 0.362195 0.552519 0.110937 0.116667
0 0.513603 0.446323 0.086719 0.137500
0 0.279342 0.393574 0.100781 0.145833
0 0.500976 0.606516 0.087500 0.154167
0 0.691095 0.336614 0.107031 0.133333
0 0.779295 0.330739 0.060938 0.125000
0 0.694126 0.472283 0.098438 0.115278
0 0.157319 0.357814 0.119531 0.108333
0 0.362195 0.552517 0.110937 0.116667
0 0.513604 0.446322 0.086719 0.137500
0 0.279342 0.393572 0.100781 0.145833
0 0.500977 0.606516 0.087500 0.154167
0 0.402296 0.386050 0.118750 0.133333
0 0.051283 0.360791 0.092969 0.123611
0 0.143553 0.431303 0.149219 0.086111
