0 0.756877 0.195478 0.093750 0.155556
0 0.080437 0.200332 0.075000 0.093056
0 0.372351 0.616404 0.097656 0.087500
0 0.371660 0.520637 0.087500 0.105556
0 0.475810 0.457643 0.078125 0.090278
0 0.613987 0.429886 0.082813 0.109722
0 0.701068 0.425862 0.082031 0.104167
0 0.755239 0.663497 0.091406 0.122222
0 0.800770 0.372267 0.117188 0.136111
0 0.808236 0.498480 0.114063 0.105556
0 0.932526 0.462700 0.132031 0.091667
0 0.471513 0.584569 0.081250 0.111111
0 0.806640 0.610500 0.103125 0.109722
0 0.558147 0.508210 0.074219 0.102778
0 0.683776 0.528677 0.078906 0.116667
0 0.176172 0.595833 0.169531 0.102778
