0 0.690080 0.172442 0.070312 0.163889
0 0.772445 0.186206 0.091406 0.130556
0 0.556817 0.450350 0.066406 0.144444
0 0.614656 0.424283 0.065625 0.126389
0 0.794390 0.383266 0.148438 0.136111
0 0.673556 0.549971 0.117969 0.129167
0 0.382945 0.718125 0.003906 0.001389
0 0.678906 0.413159 0.076563 0.126389
0 0.821120 0.548242 0.126563 0.129167
0 0.192584 0.509274 0.123438 0.097222
0 0.416277 0.586852 0.079687 0.104167
0 0.451770 0.477865 0.075000 0.130556
0 0.085987 0.568482 0.171094 0.101389
0 0.253504 0.429719 0.146094 0.104167
0 0.166797 0.688889 0.141406 0.105556
