0 0.703755 0.193353 0.075781 0.154167
0 0.775116 0.203299 0.079687 0.105556
0 0.413490 0.385046 0.067188 0.116667
0 0.370332 0.474621 0.085938 0.111111
0 0.564492 0.468119 0.075781 0.113889
0 0.660228 0.444304 0.065625 0.066667
0 0.652004 0.387313 0.088281 0.094444
0 0.749285 0.612345 0.101562 0.104167
0 0.814166 0.482517 0.085938 0.129167
0 0.720365 0.511094 0.096875 0.105556
0 0.475003 0.354005 0.084375 0.119444
0 0.461395 0.468768 0.076563 0.109722
0 0.068996 0.485960 0.100781 0.100000
0 0.905235 0.586415 0.123438 0.137500
0 0.244518 0.479947 0.129688 0.126389
0 0.642004 0.600063 0.100781 0.125000
0 0.134375 0.559722 0.131250 0.091667
0 0.187109 0.661111 0.142969 0.105556
