0 0.754399 0.201647 0.094531 0.166667
0 0.841599 0.443119 0.146094 0.119444
0 0.833066 0.597986 0.127344 0.122222
0 0.147274 0.476259 0.130469 0.105556
0 0.155029 0.599369 0.154687 0.097222
0 0.346134 0.453405 0.081250 0.140278
0 0.954218 0.395174 0.082031 0.104167
0 0.947055 0.661494 0.107031 0.136111
0 0.431966 0.452845 0.093750 0.163889
0 0.281133 0.567007 0.111719 0.120833
0 0.698018 0.459068 0.128906 0.179167
0 0.528357 0.540635 0.098438 0.125000
0 0.531984 0.415321 0.067188 0.125000
0 0.226953 0.400694 0.136719 0.126389
