0 0.584412 0.416719 0.084375 0.169444
0 0.671103 0.411235 0.079687 0.175000
0 0.906375 0.542876 0.100000 0.144444
0 0.897277 0.739447 0.114063 0.190278
0 0.531593 0.702814 0.074219 0.152778
0 0.147486 0.936188 0.142969 0.134722
0 0.976795 0.749400 0.045313 0.134722
0 0.116392 0.320095 0.075000 0.106944
0 0.101640 0.465046 0.076563 0.119444
0 0.268833 0.188203 0.069531 0.125000
0 0.038121 0.317841 0.053125 0.094444
0 0.599532 0.134912 0.086719 0.163889
0 0.163913 0.658855 0.118750 0.169444
0 0.373105 0.128848 0.110937 0.179167
0 0.226399 0.358488 0.135156 0.126389
0 0.133312 0.133621 0.061719 0.093056
0 0.169400 0.440301 0.103906 0.131944
0 0.038281 0.143056 0.076563 0.166667
0 0.920313 0.110417 0.084375 0.154167
