0 0.750372 0.208199 0.089844 0.151389
0 0.501884 0.450232 0.074219 0.155556
0 0.683195 0.375553 0.102344 0.137500
0 0.852828 0.426446 0.108594 0.138889
0 0.761678 0.440986 0.067188 0.176389
0 0.858036 0.573154 0.127344 0.106944
0 0.110636 0.228141 0.139062 0.118056
0 0.593010 0.432588 0.079687 0.173611
0 0.462615 0.639064 0.121875 0.127778
0 0.068745 0.422595 0.135937 0.148611
0 0.207813 0.602083 0.156250 0.140278
0 0.310156 0.400000 0.114063 0.125000
0 0.187109 0.431944 0.142969 0.175000
0 0.445703 0.534722 0.085156 0.105556
