0 0.564704 0.468325 0.075781 0.113889
0 0.660400 0.444156 0.065625 0.066667
0 0.651991 0.387243 0.088281 0.094444
0 0.720419 0.510862 0.096875 0.105556
0 0.751223 0.603971 0.110156 0.118056
0 0.695753 0.163141 0.076563 0.156944
0 0.453253 0.491246 0.064844 0.091667
0 0.762088 0.173790 0.050781 0.091667
0 0.108989 0.634848 0.130469 0.100000
0 0.205498 0.543747 0.129688 0.098611
0 0.323358 0.468536 0.093750 0.120833
0 0.625093 0.604655 0.081250 0.111111
0 0.477363 0.382419 0.093750 0.120833
0 0.375434 0.371403 0.082031 0.118056
0 0.808234 0.527828 0.083594 0.105556
0 0.906010 0.579647 0.106250 0.120833
