0 0.584779 0.407523 0.078125 0.156944
0 0.667404 0.431401 0.061719 0.168056
0 0.899872 0.553831 0.104687 0.144444
0 0.901917 0.741012 0.104687 0.170833
0 0.598068 0.119947 0.085938 0.177778
0 0.180412 0.652177 0.114063 0.173611
0 0.110475 0.487796 0.089844 0.123611
0 0.525900 0.715448 0.085938 0.163889
0 0.926802 0.114744 0.090625 0.154167
0 0.206448 0.497248 0.096094 0.138889
0 0.101779 0.114131 0.119531 0.152778
0 0.319816 0.116968 0.123438 0.156944
0 0.180399 0.335450 0.069531 0.113889
0 0.108024 0.316886 0.075781 0.111111
0 0.085513 0.818837 0.152344 0.136111
