0 0.696911 0.165990 0.075781 0.154167
0 0.753751 0.377977 0.099219 0.083333
0 0.832541 0.599800 0.110156 0.104167
0 0.811481 0.506826 0.107031 0.102778
0 0.722929 0.460348 0.062500 0.070833
0 0.724961 0.578549 0.111719 0.108333
0 0.777930 0.178498 0.079687 0.105556
0 0.290726 0.492417 0.104687 0.126389
0 0.435465 0.380962 0.075781 0.129167
0 0.475946 0.495230 0.066406 0.116667
0 0.374609 0.482639 0.086719 0.109722
0 0.519531 0.373611 0.087500 0.138889
0 0.608203 0.447222 0.077344 0.141667
0 0.182422 0.585417 0.105469 0.073611
0 0.230469 0.669444 0.115625 0.119444
0 0.092969 0.531944 0.145313 0.113889
