0 0.564497 0.468107 0.075781 0.113889
0 0.660445 0.444276 0.065625 0.066667
0 0.652136 0.387090 0.088281 0.094444
0 0.720463 0.510896 0.096875 0.105556
0 0.751078 0.603561 0.110156 0.118056
0 0.698808 0.165569 0.076563 0.156944
0 0.452013 0.492522 0.064844 0.091667
0 0.759753 0.182699 0.050781 0.091667
0 0.385809 0.389524 0.065625 0.109722
0 0.109098 0.634853 0.130469 0.100000
0 0.205452 0.543763 0.129688 0.098611
0 0.323244 0.468625 0.093750 0.120833
0 0.816055 0.524936 0.086719 0.111111
0 0.625972 0.602891 0.081250 0.111111
0 0.477308 0.382618 0.093750 0.120833
0 0.907422 0.579861 0.113281 0.120833
