0 0.756635 0.183854 0.093750 0.155556
0 0.080799 0.200761 0.075000 0.093056
0 0.161948 0.605106 0.156250 0.119444
0 0.402327 0.459526 0.085938 0.108333
0 0.300667 0.522903 0.087500 0.084722
0 0.387265 0.599710 0.074219 0.113889
0 0.297652 0.611019 0.100000 0.088889
0 0.564922 0.456109 0.071875 0.156944
0 0.619417 0.405480 0.079687 0.111111
0 0.774526 0.587614 0.125000 0.113889
0 0.700009 0.679017 0.118750 0.136111
0 0.643173 0.510390 0.092188 0.125000
0 0.501576 0.516751 0.070312 0.119444
0 0.769930 0.343058 0.116406 0.138889
0 0.898861 0.476400 0.149219 0.080556
0 0.734863 0.460780 0.123438 0.112500
