0 0.690040 0.172376 0.070312 0.163889
0 0.772217 0.186358 0.091406 0.130556
0 0.556694 0.450419 0.066406 0.144444
0 0.614656 0.424266 0.065625 0.126389
0 0.462917 0.513173 0.080469 0.120833
0 0.170655 0.445772 0.182031 0.116667
0 0.680425 0.449361 0.071875 0.154167
0 0.794469 0.383081 0.148438 0.136111
0 0.672008 0.549222 0.117969 0.129167
0 0.416548 0.589589 0.081250 0.120833
0 0.828429 0.552578 0.128125 0.126389
0 0.284595 0.528433 0.097656 0.122222
0 0.094141 0.602083 0.177344 0.129167
0 0.282813 0.415972 0.092188 0.123611
