0 0.701561 0.196143 0.075781 0.154167
0 0.413542 0.384830 0.067188 0.116667
0 0.564550 0.468139 0.075781 0.113889
0 0.660356 0.444228 0.065625 0.066667
0 0.651969 0.387321 0.088281 0.094444
0 0.720404 0.511099 0.096875 0.105556
0 0.237868 0.511632 0.121094 0.120833
0 0.469576 0.484762 0.057813 0.095833
0 0.646996 0.600431 0.096875 0.116667
0 0.773867 0.192777 0.096094 0.095833
0 0.917885 0.577408 0.113281 0.129167
0 0.751162 0.603586 0.110156 0.118056
0 0.479620 0.335886 0.081250 0.130556
0 0.815182 0.527160 0.083594 0.120833
0 0.088281 0.596528 0.115625 0.079167
0 0.188281 0.652778 0.118750 0.119444
0 0.357422 0.497917 0.091406 0.112500
