0 0.750419 0.208079 0.089844 0.151389
0 0.374264 0.444264 0.082813 0.158333
0 0.443833 0.520038 0.090625 0.101389
0 0.501966 0.449924 0.074219 0.155556
0 0.457980 0.638088 0.105469 0.120833
0 0.589888 0.441682 0.090625 0.191667
0 0.683190 0.375588 0.102344 0.137500
0 0.852815 0.426335 0.108594 0.138889
0 0.761729 0.440900 0.067188 0.176389
0 0.265964 0.433508 0.119531 0.163889
0 0.039452 0.204455 0.071094 0.150000
0 0.288350 0.601798 0.125781 0.134722
0 0.115630 0.236324 0.078906 0.098611
0 0.135582 0.403974 0.136719 0.165278
