0 0.692300 0.425664 0.114063 0.115278
0 0.582464 0.456268 0.095312 0.140278
0 0.237343 0.499343 0.098438 0.136111
0 0.344894 0.425025 0.099219 0.111111
0 0.719961 0.537033 0.135937 0.102778
0 0.138314 0.454769 0.095312 0.137500
0 0.582632 0.637503 0.113281 0.180556
0 0.471950 0.456874 0.068750 0.188889
0 0.354728 0.532541 0.127344 0.100000
0 0.745828 0.654432 0.130469 0.126389
0 0.079297 0.566667 0.124219 0.102778
0 0.926172 0.424306 0.089844 0.140278
0 0.818359 0.437500 0.121094 0.127778
0 0.751953 0.204861 0.089844 0.151389
0 0.814062 0.303472 0.126563 0.120833
