0 0.754572 0.201142 0.094531 0.166667
0 0.417550 0.457538 0.067969 0.137500
0 0.142992 0.472936 0.115625 0.087500
0 0.785547 0.455528 0.124219 0.155556
0 0.903560 0.420149 0.128906 0.134722
0 0.647626 0.481400 0.095312 0.168056
0 0.329332 0.456929 0.080469 0.141667
0 0.237928 0.421582 0.116406 0.118056
0 0.504053 0.494331 0.103125 0.129167
0 0.521947 0.423001 0.068750 0.104167
0 0.739401 0.606773 0.138281 0.152778
0 0.152939 0.561696 0.138281 0.100000
0 0.281349 0.585153 0.113281 0.137500
0 0.903655 0.658784 0.171875 0.175000
