0 0.689831 0.172198 0.070312 0.163889
0 0.770248 0.176382 0.092188 0.134722
0 0.237102 0.435465 0.119531 0.148611
0 0.137883 0.454848 0.080469 0.123611
0 0.457382 0.494303 0.069531 0.133333
0 0.562947 0.502767 0.067969 0.127778
0 0.659357 0.527101 0.118750 0.129167
0 0.392142 0.504213 0.070312 0.113889
0 0.560625 0.619037 0.085938 0.130556
0 0.764975 0.472902 0.117188 0.104167
0 0.628940 0.686352 0.080469 0.147222
0 0.915702 0.573749 0.136719 0.156944
0 0.225781 0.629861 0.153125 0.145833
0 0.244141 0.521528 0.130469 0.070833
0 0.321484 0.443056 0.083594 0.144444
0 0.461328 0.628472 0.085156 0.129167
