0 0.754262 0.201875 0.094531 0.166667
0 0.226974 0.400640 0.136719 0.126389
0 0.417641 0.457581 0.067969 0.137500
0 0.515661 0.413915 0.073437 0.113889
0 0.661462 0.466001 0.097656 0.154167
0 0.142932 0.472847 0.115625 0.087500
0 0.332094 0.461857 0.082813 0.109722
0 0.785547 0.455556 0.124219 0.155556
0 0.923437 0.443750 0.148438 0.115278
0 0.930469 0.644444 0.135937 0.141667
0 0.797656 0.606250 0.143750 0.109722
0 0.507422 0.522222 0.094531 0.111111
0 0.280469 0.578472 0.112500 0.115278
0 0.155859 0.579861 0.130469 0.093056
