0 0.584759 0.407546 0.078125 0.156944
0 0.659420 0.408159 0.061719 0.168056
0 0.900031 0.553824 0.104687 0.144444
0 0.901859 0.740634 0.104687 0.170833
0 0.597961 0.119774 0.085938 0.177778
0 0.164655 0.650085 0.114063 0.173611
0 0.102570 0.457148 0.089844 0.123611
0 0.525884 0.715450 0.085938 0.163889
0 0.927278 0.114780 0.090625 0.154167
0 0.197788 0.468032 0.096094 0.138889
0 0.108024 0.316829 0.075781 0.111111
0 0.085859 0.817563 0.152344 0.136111
0 0.062500 0.949306 0.125000 0.098611
0 0.096094 0.095833 0.132812 0.141667
0 0.321484 0.106944 0.117969 0.169444
