0 0.691042 0.336665 0.107031 0.133333
0 0.779289 0.330919 0.060938 0.125000
0 0.691879 0.476500 0.098438 0.115278
0 0.157362 0.358027 0.119531 0.108333
0 0.362181 0.552679 0.110937 0.116667
0 0.513708 0.446363 0.086719 0.137500
0 0.279207 0.393599 0.100781 0.145833
0 0.501807 0.604796 0.087500 0.154167
0 0.691042 0.336665 0.107031 0.133333
0 0.779289 0.330920 0.060938 0.125000
0 0.691878 0.476501 0.098438 0.115278
0 0.157359 0.358027 0.119531 0.108333
0 0.362182 0.552676 0.110937 0.116667
0 0.513708 0.446362 0.086719 0.137500
0 0.279208 0.393598 0.100781 0.145833
0 0.501808 0.604796 0.087500 0.154167
0 0.402282 0.386141 0.118750 0.133333
0 0.051219 0.360590 0.092969 0.123611
0 0.141797 0.427778 0.149219 0.086111
