0 0.757004 0.195798 0.093750 0.155556
0 0.080401 0.200472 0.075000 0.093056
0 0.216162 0.467408 0.128125 0.106944
0 0.243090 0.601547 0.104687 0.123611
0 0.372392 0.616354 0.097656 0.087500
0 0.371805 0.520648 0.087500 0.105556
0 0.475873 0.457653 0.078125 0.090278
0 0.466002 0.586164 0.071875 0.113889
0 0.569035 0.524509 0.071875 0.095833
0 0.614071 0.429906 0.082813 0.109722
0 0.701072 0.425735 0.082031 0.104167
0 0.693154 0.541521 0.085938 0.109722
0 0.813635 0.610085 0.110156 0.098611
0 0.755224 0.661513 0.091406 0.122222
0 0.808241 0.524305 0.129688 0.105556
0 0.126579 0.538871 0.107813 0.080556
0 0.800842 0.372251 0.117188 0.136111
