0 0.564755 0.468226 0.075781 0.113889
0 0.660383 0.444024 0.065625 0.066667
0 0.651985 0.387212 0.088281 0.094444
0 0.720390 0.510835 0.096875 0.105556
0 0.644913 0.597433 0.096875 0.116667
0 0.922305 0.578371 0.113281 0.129167
0 0.751278 0.603698 0.110156 0.118056
0 0.815320 0.527079 0.083594 0.120833
0 0.480492 0.357833 0.090625 0.129167
0 0.707921 0.189007 0.076563 0.156944
0 0.440116 0.486170 0.064844 0.091667
0 0.760848 0.178881 0.050781 0.091667
0 0.386053 0.389630 0.065625 0.109722
0 0.108984 0.634722 0.130469 0.100000
0 0.205469 0.543750 0.129688 0.098611
0 0.323438 0.468750 0.093750 0.120833
