0 0.292957 0.332007 0.112500 0.144444
0 0.309174 0.135985 0.098438 0.112500
0 0.565129 0.616715 0.096875 0.161111
0 0.406934 0.857410 0.070312 0.152778
0 0.477421 0.813773 0.064062 0.123611
0 0.498092 0.941417 0.077344 0.106944
0 0.589483 0.892059 0.102344 0.148611
0 0.614074 0.943847 0.089062 0.095833
0 0.729330 0.911966 0.097656 0.154167
0 0.823980 0.865603 0.107031 0.150000
0 0.854365 0.957728 0.111719 0.076389
0 0.947695 0.928405 0.102344 0.134722
0 0.347965 0.928071 0.072656 0.127778
0 0.218277 0.866028 0.125781 0.154167
