0 0.584595 0.416219 0.084375 0.169444
0 0.673829 0.411293 0.079687 0.175000
0 0.902543 0.542130 0.100000 0.144444
0 0.523249 0.716672 0.074219 0.152778
0 0.976800 0.749298 0.045313 0.134722
0 0.594890 0.125658 0.086719 0.163889
0 0.132982 0.133307 0.061719 0.093056
0 0.042497 0.141447 0.076563 0.166667
0 0.883193 0.751669 0.089844 0.126389
0 0.120772 0.331007 0.124219 0.122222
0 0.186950 0.464170 0.096875 0.113889
0 0.099219 0.461953 0.087500 0.111111
0 0.173263 0.658653 0.114844 0.163889
0 0.152717 0.934813 0.133594 0.125000
0 0.035344 0.330881 0.056250 0.137500
0 0.922477 0.104346 0.100000 0.162500
0 0.337500 0.419444 0.071875 0.130556
0 0.343750 0.325000 0.070312 0.069444
0 0.537109 0.220833 0.088281 0.097222
