0 0.584610 0.416327 0.084375 0.169444
0 0.673202 0.411366 0.079687 0.175000
0 0.909811 0.549267 0.100000 0.144444
0 0.523274 0.716640 0.074219 0.152778
0 0.595224 0.124010 0.086719 0.163889
0 0.132918 0.133240 0.061719 0.093056
0 0.879875 0.742106 0.089844 0.126389
0 0.117310 0.330891 0.124219 0.122222
0 0.173331 0.660956 0.114844 0.163889
0 0.922497 0.103807 0.100000 0.162500
0 0.183099 0.464062 0.100781 0.125000
0 0.315187 0.387031 0.059375 0.111111
0 0.376953 0.286806 0.100781 0.193056
0 0.028125 0.316667 0.054688 0.094444
0 0.093359 0.465972 0.077344 0.134722
0 0.053516 0.158333 0.089844 0.161111
0 0.544531 0.211806 0.093750 0.129167
0 0.968359 0.745139 0.061719 0.120833
0 0.584610 0.416327 0.084375 0.169444
0 0.673202 0.411366 0.079687 0.175000
0 0.909811 0.549267 0.100000 0.144444
0 0.523274 0.716640 0.074219 0.152778
0 0.595224 0.124010 0.086719 0.163889
0 0.132918 0.133240 0.061719 0.093056
0 0.879875 0.742106 0.089844 0.126389
0 0.117310 0.330891 0.124219 0.122222
0 0.173331 0.660956 0.114844 0.163889
0 0.922497 0.103807 0.100000 0.162500
0 0.183099 0.464062 0.100781 0.125000
0 0.315187 0.387031 0.059375 0.111111
0 0.089677 0.935617 0.181250 0.109722
0 0.376953 0.286806 0.100781 0.193056
0 0.028125 0.316667 0.054688 0.094444
0 0.093359 0.465972 0.077344 0.134722
0 0.053516 0.158333 0.089844 0.161111
0 0.544531 0.211806 0.093750 0.129167
0 0.968359 0.745139 0.061719 0.120833
