0 0.750458 0.207988 0.089844 0.151389
0 0.374254 0.444453 0.082813 0.158333
0 0.443822 0.520009 0.090625 0.101389
0 0.501894 0.450096 0.074219 0.155556
0 0.458113 0.638130 0.105469 0.120833
0 0.589795 0.441677 0.090625 0.191667
0 0.683304 0.375627 0.102344 0.137500
0 0.852741 0.426302 0.108594 0.138889
0 0.761711 0.440880 0.067188 0.176389
0 0.151818 0.424396 0.121094 0.176389
0 0.272280 0.448846 0.119531 0.163889
0 0.039491 0.204137 0.071094 0.150000
0 0.128678 0.239689 0.070312 0.125000
0 0.293145 0.609083 0.125781 0.134722
