0 0.689848 0.172235 0.070312 0.163889
0 0.562887 0.502751 0.067969 0.127778
0 0.559898 0.626190 0.085938 0.130556
0 0.617325 0.683311 0.080469 0.147222
0 0.650680 0.521498 0.132812 0.120833
0 0.750078 0.477782 0.092188 0.161111
0 0.760361 0.180897 0.089844 0.126389
0 0.438620 0.641981 0.106250 0.127778
0 0.463623 0.515876 0.071094 0.137500
0 0.879076 0.591699 0.136719 0.113889
0 0.196936 0.551174 0.128906 0.106944
0 0.103719 0.607411 0.139844 0.125000
0 0.370703 0.500000 0.088281 0.127778
0 0.203906 0.436806 0.148438 0.101389
