0 0.750385 0.208149 0.089844 0.151389
0 0.374228 0.444392 0.082813 0.158333
0 0.443827 0.520021 0.090625 0.101389
0 0.501880 0.450104 0.074219 0.155556
0 0.458023 0.638232 0.105469 0.120833
0 0.589777 0.441659 0.090625 0.191667
0 0.683131 0.375748 0.102344 0.137500
0 0.852781 0.426207 0.108594 0.138889
0 0.761765 0.440981 0.067188 0.176389
0 0.151793 0.424401 0.121094 0.176389
0 0.272328 0.448678 0.119531 0.163889
0 0.039456 0.204136 0.071094 0.150000
0 0.123229 0.239153 0.070312 0.125000
0 0.294922 0.611806 0.125781 0.134722
