0 0.756853 0.195204 0.093750 0.155556
0 0.080392 0.200163 0.075000 0.093056
0 0.372314 0.616398 0.097656 0.087500
0 0.371692 0.520646 0.087500 0.105556
0 0.475812 0.457457 0.078125 0.090278
0 0.562263 0.538906 0.071875 0.095833
0 0.614007 0.429865 0.082813 0.109722
0 0.701097 0.425780 0.082031 0.104167
0 0.755238 0.663486 0.091406 0.122222
0 0.800772 0.372263 0.117188 0.136111
0 0.163231 0.600032 0.138281 0.098611
0 0.810438 0.496644 0.114063 0.105556
0 0.932492 0.462623 0.132031 0.091667
0 0.704823 0.543916 0.085156 0.094444
0 0.463905 0.585353 0.081250 0.111111
0 0.806744 0.609538 0.103125 0.109722
