0 0.688569 0.157114 0.089062 0.155556
0 0.760181 0.176151 0.039062 0.141667
0 0.814057 0.175239 0.064062 0.130556
0 0.095471 0.498166 0.110937 0.151389
0 0.440422 0.522541 0.077344 0.155556
0 0.373100 0.391778 0.074219 0.148611
0 0.631572 0.422987 0.083594 0.143056
0 0.528790 0.370725 0.071875 0.119444
0 0.575335 0.541433 0.082813 0.141667
0 0.813220 0.523076 0.125000 0.109722
0 0.453573 0.357658 0.066406 0.134722
0 0.211344 0.432121 0.103906 0.113889
0 0.808137 0.411629 0.111719 0.106944
0 0.728069 0.496994 0.087500 0.138889
0 0.299709 0.447192 0.075781 0.144444
0 0.178156 0.560474 0.110156 0.109722
0 0.160938 0.681944 0.140625 0.116667
