0 0.358379 0.450850 0.082813 0.109722
0 0.352628 0.582035 0.084375 0.129167
0 0.444707 0.510208 0.074219 0.125000
0 0.103821 0.597568 0.159375 0.105556
0 0.237679 0.618663 0.102344 0.091667
0 0.493806 0.446970 0.064062 0.138889
0 0.752334 0.594368 0.114063 0.108333
0 0.685128 0.668998 0.104687 0.136111
0 0.762237 0.181778 0.100781 0.177778
0 0.704842 0.333439 0.101562 0.122222
0 0.560981 0.393722 0.076563 0.101389
0 0.233391 0.529141 0.104687 0.108333
0 0.583011 0.499008 0.083594 0.091667
0 0.832384 0.425659 0.138281 0.137500
0 0.084462 0.194280 0.077344 0.109722
0 0.684766 0.464583 0.100781 0.120833
