0 0.930043 0.106074 0.103125 0.159722
0 0.584427 0.416698 0.084375 0.169444
0 0.670527 0.411216 0.079687 0.175000
0 0.906440 0.542782 0.100000 0.144444
0 0.895239 0.749213 0.114063 0.190278
0 0.531601 0.702862 0.074219 0.152778
0 0.157004 0.929267 0.142969 0.134722
0 0.607858 0.140855 0.096094 0.188889
0 0.261838 0.396132 0.138281 0.140278
0 0.976575 0.749303 0.045313 0.134722
0 0.117185 0.126405 0.045313 0.065278
0 0.116673 0.319783 0.075000 0.106944
0 0.101525 0.465484 0.076563 0.119444
0 0.170710 0.640827 0.125781 0.173611
0 0.181539 0.468892 0.082813 0.143056
0 0.488014 0.175231 0.102344 0.198611
0 0.260297 0.181197 0.069531 0.125000
0 0.038190 0.318161 0.053125 0.094444
0 0.044531 0.141667 0.089062 0.138889
