0 0.692176 0.425572 0.114063 0.115278
0 0.747776 0.207346 0.121875 0.154167
0 0.582498 0.456384 0.095312 0.140278
0 0.237253 0.499782 0.098438 0.136111
0 0.344923 0.425121 0.099219 0.111111
0 0.722728 0.547052 0.135937 0.102778
0 0.748685 0.650428 0.145313 0.120833
0 0.138494 0.454967 0.095312 0.137500
0 0.583042 0.639626 0.113281 0.180556
0 0.471907 0.456779 0.068750 0.188889
0 0.819203 0.438721 0.113281 0.136111
0 0.921920 0.415568 0.109375 0.138889
0 0.910388 0.611050 0.166406 0.131944
0 0.355839 0.535448 0.127344 0.100000
0 0.076953 0.577778 0.133594 0.100000
