0 0.584752 0.407652 0.078125 0.156944
0 0.596975 0.121531 0.085938 0.177778
0 0.526030 0.715456 0.085938 0.163889
0 0.916167 0.092862 0.090625 0.154167
0 0.970894 0.751621 0.064062 0.155556
0 0.908710 0.553500 0.110937 0.125000
0 0.095994 0.455996 0.075781 0.129167
0 0.106628 0.309777 0.043750 0.100000
0 0.894294 0.742822 0.082813 0.126389
0 0.221713 0.335993 0.120312 0.112500
0 0.188682 0.461595 0.088281 0.113889
0 0.654481 0.421485 0.057031 0.112500
0 0.183831 0.108449 0.091406 0.168056
0 0.175062 0.679079 0.132812 0.190278
0 0.062013 0.126625 0.123438 0.152778
0 0.268734 0.159826 0.068750 0.102778
