0 0.754278 0.201842 0.094531 0.166667
0 0.841703 0.443103 0.146094 0.119444
0 0.954205 0.395300 0.082031 0.104167
0 0.946646 0.662443 0.107031 0.136111
0 0.227011 0.400658 0.136719 0.126389
0 0.417657 0.457636 0.067969 0.137500
0 0.286220 0.583592 0.106250 0.094444
0 0.515629 0.413775 0.073437 0.113889
0 0.497104 0.563560 0.089062 0.130556
0 0.661447 0.465922 0.097656 0.154167
0 0.801172 0.609028 0.147656 0.126389
0 0.142969 0.472917 0.115625 0.087500
0 0.153516 0.578472 0.138281 0.093056
0 0.332031 0.461806 0.082813 0.109722
