0 0.691108 0.336848 0.107031 0.133333
0 0.694298 0.470791 0.098438 0.115278
0 0.518057 0.468327 0.086719 0.137500
0 0.500832 0.613376 0.087500 0.154167
0 0.691109 0.336848 0.107031 0.133333
0 0.694296 0.470792 0.098438 0.115278
0 0.518054 0.468321 0.086719 0.137500
0 0.499428 0.614348 0.087500 0.154167
0 0.411066 0.398326 0.084375 0.136111
0 0.787001 0.293018 0.078906 0.113889
0 0.049393 0.320781 0.087500 0.116667
0 0.271069 0.411893 0.104687 0.148611
0 0.148876 0.311877 0.117969 0.137500
0 0.139651 0.424662 0.155469 0.122222
0 0.599219 0.431944 0.081250 0.150000
0 0.358594 0.547917 0.106250 0.118056
