0 0.700933 0.175161 0.075781 0.154167
0 0.777900 0.189622 0.079687 0.105556
0 0.413525 0.385037 0.067188 0.116667
0 0.370199 0.475204 0.085938 0.111111
0 0.564564 0.468231 0.075781 0.113889
0 0.484401 0.354764 0.081250 0.118056
0 0.168705 0.667755 0.138281 0.119444
0 0.744472 0.507669 0.104687 0.115278
0 0.660137 0.444461 0.065625 0.066667
0 0.471233 0.478493 0.067188 0.093056
0 0.192985 0.474993 0.151562 0.100000
0 0.825119 0.510394 0.090625 0.104167
0 0.114844 0.578472 0.128125 0.087500
0 0.062891 0.504861 0.116406 0.090278
0 0.651953 0.387500 0.088281 0.094444
0 0.657422 0.600000 0.092969 0.125000
0 0.908203 0.575694 0.105469 0.109722
0 0.750000 0.602083 0.101562 0.104167
