0 0.750424 0.208104 0.089844 0.151389
0 0.501872 0.450180 0.074219 0.155556
0 0.458750 0.638331 0.105469 0.120833
0 0.589818 0.441689 0.090625 0.191667
0 0.683160 0.375615 0.102344 0.137500
0 0.852859 0.426284 0.108594 0.138889
0 0.761764 0.440907 0.067188 0.176389
0 0.289625 0.604749 0.125781 0.134722
0 0.886476 0.578970 0.127344 0.106944
0 0.356224 0.454305 0.081250 0.130556
0 0.249135 0.425725 0.120312 0.129167
0 0.422228 0.529336 0.105469 0.113889
0 0.133942 0.403938 0.111719 0.162500
0 0.129089 0.213908 0.128125 0.111111
