0 0.690830 0.336755 0.107031 0.133333
0 0.693753 0.471062 0.098438 0.115278
0 0.690830 0.336754 0.107031 0.133333
0 0.693751 0.471064 0.098438 0.115278
0 0.498618 0.605841 0.087500 0.154167
0 0.786873 0.293218 0.078906 0.113889
0 0.257843 0.419393 0.120312 0.127778
0 0.255469 0.795139 0.115625 0.179167
0 0.426562 0.764583 0.114063 0.145833
0 0.123438 0.426389 0.148438 0.136111
0 0.136328 0.325000 0.135156 0.105556
0 0.391797 0.436111 0.099219 0.108333
0 0.514453 0.446528 0.077344 0.143056
0 0.363281 0.551389 0.110937 0.122222
