0 0.696107 0.179739 0.075781 0.154167
0 0.798198 0.174452 0.040625 0.102778
0 0.348312 0.635821 0.078906 0.130556
0 0.408904 0.467223 0.074219 0.134722
0 0.506027 0.406365 0.064062 0.111111
0 0.666086 0.474322 0.082031 0.134722
0 0.180980 0.491093 0.099219 0.129167
0 0.265088 0.428048 0.113281 0.113889
0 0.753644 0.377681 0.099219 0.083333
0 0.556350 0.454910 0.069531 0.116667
0 0.564882 0.338175 0.078125 0.126389
0 0.735948 0.461189 0.067188 0.086111
0 0.475781 0.488329 0.071875 0.115278
0 0.323438 0.520833 0.079687 0.083333
0 0.832422 0.600694 0.110156 0.104167
0 0.811328 0.506944 0.107031 0.102778
