0 0.697345 0.166112 0.075781 0.154167
0 0.753720 0.378036 0.099219 0.083333
0 0.832476 0.599836 0.110156 0.104167
0 0.811422 0.506982 0.107031 0.102778
0 0.729751 0.443701 0.062500 0.070833
0 0.723132 0.577410 0.111719 0.108333
0 0.113307 0.506615 0.132812 0.140278
0 0.544075 0.358188 0.094531 0.147222
0 0.777644 0.177939 0.079687 0.105556
0 0.290818 0.492400 0.104687 0.126389
0 0.406862 0.514951 0.092969 0.123611
0 0.435526 0.381213 0.075781 0.129167
0 0.639014 0.482740 0.092188 0.162500
0 0.499256 0.472688 0.066406 0.116667
0 0.200500 0.580220 0.091406 0.079167
0 0.230930 0.688395 0.114844 0.143056
