0 0.757094 0.195627 0.093750 0.155556
0 0.080758 0.200876 0.075000 0.093056
0 0.372415 0.616403 0.097656 0.087500
0 0.371653 0.520540 0.087500 0.105556
0 0.476032 0.457589 0.078125 0.090278
0 0.614041 0.429858 0.082813 0.109722
0 0.754818 0.663803 0.091406 0.122222
0 0.800850 0.372222 0.117188 0.136111
0 0.808624 0.496635 0.114063 0.105556
0 0.932473 0.462737 0.132031 0.091667
0 0.467889 0.585615 0.081250 0.111111
0 0.803111 0.617514 0.103125 0.109722
0 0.558218 0.508262 0.074219 0.102778
0 0.176207 0.595796 0.169531 0.102778
0 0.686768 0.521101 0.085938 0.104167
0 0.676892 0.388299 0.078906 0.123611
