0 0.237344 0.499534 0.098438 0.136111
0 0.344886 0.425121 0.099219 0.111111
0 0.719737 0.537339 0.135937 0.102778
0 0.138398 0.454756 0.095312 0.137500
0 0.581715 0.638542 0.113281 0.180556
0 0.471960 0.456755 0.068750 0.188889
0 0.354062 0.533119 0.127344 0.100000
0 0.754684 0.660854 0.130469 0.126389
0 0.926200 0.424162 0.089844 0.140278
0 0.751356 0.205436 0.089844 0.151389
0 0.821858 0.430459 0.103125 0.141667
0 0.674219 0.429167 0.106250 0.102778
0 0.583984 0.465278 0.067969 0.100000
0 0.621484 0.293056 0.107031 0.138889
0 0.076172 0.572222 0.138281 0.097222
