0 0.784691 0.174971 0.076563 0.175000
0 0.931612 0.411703 0.132031 0.087500
0 0.133650 0.656924 0.149219 0.116667
0 0.166349 0.440253 0.135937 0.113889
0 0.276133 0.467993 0.094531 0.138889
0 0.342322 0.458268 0.054688 0.137500
0 0.448007 0.376772 0.086719 0.145833
0 0.710795 0.436128 0.072656 0.150000
0 0.849998 0.519602 0.110937 0.144444
0 0.630817 0.383835 0.094531 0.145833
0 0.610467 0.547306 0.096094 0.143056
0 0.468073 0.482454 0.095312 0.141667
0 0.380731 0.388541 0.074219 0.136111
0 0.108037 0.535509 0.148438 0.115278
0 0.693111 0.203299 0.089062 0.155556
