0 0.110710 0.333685 0.062500 0.126389
0 0.584491 0.407504 0.078125 0.156944
0 0.662878 0.416308 0.061719 0.168056
0 0.589368 0.119205 0.096875 0.163889
0 0.917691 0.110140 0.104687 0.155556
0 0.901922 0.553970 0.104687 0.144444
0 0.903931 0.746137 0.104687 0.170833
0 0.176583 0.442700 0.088281 0.108333
0 0.100936 0.456843 0.087500 0.120833
0 0.214991 0.063554 0.120312 0.123611
0 0.124590 0.050835 0.061719 0.100000
0 0.226643 0.927243 0.115625 0.143056
0 0.179122 0.329635 0.081250 0.104167
0 0.193882 0.625735 0.112500 0.177778
0 0.500781 0.872917 0.098438 0.195833
