0 0.741300 0.364229 0.135937 0.122222
0 0.866043 0.465932 0.111719 0.123611
0 0.726970 0.458294 0.105469 0.111111
0 0.358395 0.450788 0.082813 0.109722
0 0.353220 0.583116 0.084375 0.129167
0 0.444556 0.510139 0.074219 0.125000
0 0.104187 0.597915 0.159375 0.105556
0 0.681715 0.663448 0.109375 0.137500
0 0.741316 0.605439 0.100781 0.104167
0 0.237768 0.618592 0.102344 0.091667
0 0.242893 0.524943 0.121875 0.086111
0 0.070691 0.187588 0.078906 0.094444
0 0.589453 0.488889 0.103906 0.094444
0 0.549609 0.381250 0.063281 0.112500
0 0.493750 0.447222 0.064062 0.138889
