0 0.584851 0.407188 0.078125 0.156944
0 0.671187 0.415533 0.061719 0.168056
0 0.599501 0.121020 0.085938 0.177778
0 0.165256 0.646612 0.114063 0.173611
0 0.525968 0.715468 0.085938 0.163889
0 0.925499 0.114967 0.090625 0.154167
0 0.970977 0.751567 0.064062 0.155556
0 0.908077 0.553319 0.110937 0.125000
0 0.153088 0.113479 0.050781 0.098611
0 0.099615 0.455577 0.075781 0.129167
0 0.327205 0.351628 0.065625 0.111111
0 0.121917 0.322178 0.043750 0.100000
0 0.223160 0.344039 0.140625 0.169444
0 0.188680 0.460180 0.096094 0.100000
0 0.223731 0.131272 0.115625 0.156944
0 0.899142 0.754655 0.082813 0.126389
0 0.143178 0.929368 0.132812 0.137500
0 0.048437 0.105556 0.096875 0.141667
