0 0.564643 0.468108 0.075781 0.113889
0 0.660385 0.444164 0.065625 0.066667
0 0.652021 0.387125 0.088281 0.094444
0 0.720507 0.510905 0.096875 0.105556
0 0.751582 0.603071 0.110156 0.118056
0 0.688340 0.175387 0.076563 0.156944
0 0.759120 0.179904 0.050781 0.091667
0 0.108799 0.634897 0.130469 0.100000
0 0.375560 0.371451 0.082031 0.118056
0 0.808174 0.527924 0.083594 0.105556
0 0.909940 0.583504 0.106250 0.120833
0 0.312572 0.470264 0.096875 0.104167
0 0.180448 0.553420 0.142969 0.098611
0 0.636141 0.610769 0.091406 0.122222
0 0.453970 0.339542 0.087500 0.140278
0 0.446094 0.486111 0.071875 0.108333
