0 0.688479 0.175227 0.076563 0.156944
0 0.378274 0.363996 0.082813 0.130556
0 0.656636 0.395152 0.078906 0.076389
0 0.651657 0.448323 0.051562 0.040278
0 0.777235 0.505673 0.101562 0.088889
0 0.312327 0.477665 0.109375 0.097222
0 0.755067 0.175906 0.061719 0.106944
0 0.544149 0.465919 0.082031 0.115278
0 0.420651 0.481265 0.074219 0.097222
0 0.691211 0.516727 0.103906 0.088889
0 0.164885 0.587687 0.153125 0.116667
0 0.462059 0.339440 0.072656 0.140278
0 0.836719 0.581944 0.120312 0.094444
0 0.719922 0.619444 0.108594 0.130556
0 0.603516 0.613889 0.099219 0.119444
