0 0.689823 0.172184 0.070312 0.163889
0 0.770873 0.175763 0.092188 0.134722
0 0.237114 0.435390 0.119531 0.148611
0 0.137890 0.454849 0.080469 0.123611
0 0.319050 0.472507 0.086719 0.119444
0 0.457395 0.494526 0.069531 0.133333
0 0.575660 0.621542 0.082031 0.127778
0 0.107264 0.651859 0.137500 0.137500
0 0.244079 0.565327 0.121875 0.137500
0 0.661194 0.688582 0.102344 0.127778
0 0.456569 0.628392 0.089844 0.123611
0 0.562895 0.502756 0.067969 0.127778
0 0.402364 0.525272 0.046875 0.133333
0 0.678501 0.517867 0.108594 0.141667
0 0.785090 0.515255 0.110937 0.152778
0 0.313281 0.631944 0.109375 0.125000
