0 0.692204 0.425593 0.114063 0.115278
0 0.747779 0.207307 0.121875 0.154167
0 0.582633 0.456345 0.095312 0.140278
0 0.590551 0.635957 0.097656 0.143056
0 0.356590 0.551639 0.122656 0.127778
0 0.237616 0.500024 0.098438 0.136111
0 0.479689 0.472147 0.071875 0.155556
0 0.344894 0.425025 0.099219 0.111111
0 0.829702 0.491889 0.104687 0.133333
0 0.923000 0.413747 0.147656 0.122222
0 0.722597 0.547198 0.135937 0.102778
0 0.140213 0.458497 0.100781 0.147222
0 0.749577 0.651832 0.145313 0.120833
0 0.077734 0.577778 0.153906 0.086111
0 0.051953 0.388194 0.096094 0.081944
