0 0.292963 0.331763 0.112500 0.144444
0 0.565340 0.616799 0.096875 0.161111
0 0.759559 0.872064 0.092188 0.141667
0 0.307338 0.171086 0.091406 0.120833
0 0.292964 0.331763 0.112500 0.144444
0 0.565344 0.616795 0.096875 0.161111
0 0.759561 0.872066 0.092188 0.141667
0 0.307339 0.171085 0.091406 0.120833
0 0.292964 0.331763 0.112500 0.144444
0 0.565340 0.616797 0.096875 0.161111
0 0.759559 0.872065 0.092188 0.141667
0 0.307338 0.171087 0.091406 0.120833
0 0.292964 0.331763 0.112500 0.144444
0 0.565340 0.616790 0.096875 0.161111
0 0.759563 0.872066 0.092188 0.141667
0 0.307338 0.171085 0.091406 0.120833
0 0.875028 0.911039 0.115625 0.166667
0 0.481172 0.776439 0.087500 0.130556
0 0.297751 0.868305 0.070312 0.188889
0 0.481282 0.907188 0.060938 0.111111
0 0.378488 0.933251 0.085156 0.108333
0 0.163713 0.827717 0.122656 0.155556
0 0.636359 0.835399 0.080469 0.181944
0 0.369141 0.809028 0.074219 0.143056
