0 0.691051 0.336562 0.107031 0.133333
0 0.779218 0.330708 0.060938 0.125000
0 0.687527 0.484955 0.098438 0.115278
0 0.157330 0.358069 0.119531 0.108333
0 0.362242 0.552698 0.110937 0.116667
0 0.513629 0.446472 0.086719 0.137500
0 0.279278 0.393683 0.100781 0.145833
0 0.503163 0.605209 0.087500 0.154167
0 0.691051 0.336562 0.107031 0.133333
0 0.779219 0.330708 0.060938 0.125000
0 0.687527 0.484955 0.098438 0.115278
0 0.157327 0.358069 0.119531 0.108333
0 0.362243 0.552696 0.110937 0.116667
0 0.513629 0.446472 0.086719 0.137500
0 0.279279 0.393681 0.100781 0.145833
0 0.503164 0.605209 0.087500 0.154167
0 0.402299 0.386143 0.118750 0.133333
0 0.049599 0.347939 0.092969 0.123611
0 0.151172 0.428472 0.155469 0.093056
