0 0.759979 0.182454 0.093750 0.155556
0 0.080453 0.205800 0.075000 0.093056
0 0.741337 0.364054 0.135937 0.122222
0 0.866046 0.465949 0.111719 0.123611
0 0.745342 0.459986 0.105469 0.111111
0 0.259106 0.530366 0.116406 0.105556
0 0.617315 0.516700 0.099219 0.088889
0 0.358580 0.450695 0.082813 0.109722
0 0.356379 0.583038 0.084375 0.129167
0 0.454275 0.522234 0.074219 0.125000
0 0.104057 0.596912 0.159375 0.105556
0 0.514159 0.431133 0.073437 0.140278
0 0.240819 0.631477 0.099219 0.084722
0 0.589063 0.406250 0.068750 0.106944
0 0.682031 0.663194 0.109375 0.137500
0 0.755859 0.586806 0.100781 0.104167
