0 0.753984 0.180664 0.093750 0.155556
0 0.080811 0.201466 0.075000 0.093056
0 0.800966 0.372231 0.117188 0.136111
0 0.809157 0.494557 0.114063 0.105556
0 0.932482 0.462714 0.132031 0.091667
0 0.810621 0.603549 0.103125 0.109722
0 0.675494 0.550683 0.085938 0.104167
0 0.676988 0.388220 0.078906 0.123611
0 0.162548 0.602965 0.156250 0.119444
0 0.727342 0.663310 0.123438 0.126389
0 0.402368 0.459636 0.085938 0.108333
0 0.300865 0.522887 0.087500 0.084722
0 0.392564 0.591225 0.074219 0.113889
0 0.297573 0.611212 0.100000 0.088889
0 0.511943 0.549643 0.066406 0.141667
0 0.571482 0.444554 0.086719 0.158333
