0 0.701649 0.195453 0.075781 0.154167
0 0.408559 0.466946 0.074219 0.134722
0 0.666144 0.474442 0.082031 0.134722
0 0.753721 0.377822 0.099219 0.083333
0 0.475814 0.488934 0.071875 0.115278
0 0.832423 0.601096 0.110156 0.104167
0 0.811328 0.506993 0.107031 0.102778
0 0.796733 0.170081 0.060938 0.108333
0 0.349902 0.625646 0.090625 0.156944
0 0.729698 0.443617 0.062500 0.070833
0 0.574305 0.483622 0.056250 0.093056
0 0.230078 0.437843 0.144531 0.125000
0 0.511771 0.410473 0.068750 0.101389
0 0.579711 0.381108 0.096875 0.115278
0 0.091957 0.562188 0.157031 0.106944
0 0.286328 0.520833 0.113281 0.100000
0 0.720703 0.584722 0.111719 0.108333
