0 0.697282 0.165231 0.075781 0.154167
0 0.782129 0.181933 0.079687 0.105556
0 0.413509 0.384990 0.067188 0.116667
0 0.370153 0.474923 0.085938 0.111111
0 0.702273 0.371496 0.101562 0.093056
0 0.564528 0.468194 0.075781 0.113889
0 0.484334 0.354872 0.081250 0.118056
0 0.179144 0.675388 0.138281 0.119444
0 0.200757 0.477903 0.140625 0.105556
0 0.119530 0.582289 0.137500 0.083333
0 0.646061 0.588012 0.103906 0.113889
0 0.750000 0.608333 0.096875 0.113889
0 0.744531 0.507639 0.104687 0.115278
0 0.660156 0.444444 0.065625 0.066667
0 0.476562 0.481250 0.067188 0.093056
