0 0.692284 0.425555 0.114063 0.115278
0 0.747464 0.207761 0.121875 0.154167
0 0.582570 0.456348 0.095312 0.140278
0 0.369260 0.561337 0.122656 0.127778
0 0.237392 0.499766 0.098438 0.136111
0 0.479757 0.472417 0.071875 0.155556
0 0.344875 0.425059 0.099219 0.111111
0 0.829690 0.491531 0.104687 0.133333
0 0.922986 0.413885 0.147656 0.122222
0 0.722621 0.547335 0.135937 0.102778
0 0.749709 0.651311 0.145313 0.120833
0 0.052028 0.388593 0.096094 0.081944
0 0.138395 0.454891 0.095312 0.137500
0 0.077646 0.571827 0.146094 0.106944
0 0.583628 0.637808 0.113281 0.180556
0 0.918746 0.630745 0.162500 0.126389
