0 0.750362 0.208244 0.089844 0.151389
0 0.501890 0.450174 0.074219 0.155556
0 0.458632 0.638305 0.105469 0.120833
0 0.589814 0.441525 0.090625 0.191667
0 0.683133 0.375620 0.102344 0.137500
0 0.852807 0.426328 0.108594 0.138889
0 0.761725 0.440921 0.067188 0.176389
0 0.282113 0.607997 0.125781 0.134722
0 0.886860 0.576384 0.127344 0.106944
0 0.356257 0.454327 0.081250 0.130556
0 0.249116 0.425695 0.120312 0.129167
0 0.422235 0.529354 0.105469 0.113889
0 0.115418 0.208880 0.139062 0.118056
0 0.114453 0.414583 0.147656 0.134722
