0 0.756689 0.194915 0.093750 0.155556
0 0.080414 0.200741 0.075000 0.093056
0 0.372375 0.616490 0.097656 0.087500
0 0.371704 0.520643 0.087500 0.105556
0 0.475833 0.457509 0.078125 0.090278
0 0.613985 0.429946 0.082813 0.109722
0 0.701067 0.425823 0.082031 0.104167
0 0.755216 0.663468 0.091406 0.122222
0 0.800808 0.372292 0.117188 0.136111
0 0.162832 0.598907 0.138281 0.098611
0 0.809111 0.497974 0.114063 0.105556
0 0.932445 0.462640 0.132031 0.091667
0 0.469165 0.583439 0.081250 0.111111
0 0.806414 0.609446 0.103125 0.109722
0 0.558211 0.508234 0.074219 0.102778
0 0.687397 0.530304 0.078906 0.116667
