0 0.110124 0.333433 0.062500 0.126389
0 0.584501 0.407437 0.078125 0.156944
0 0.662716 0.416078 0.061719 0.168056
0 0.920107 0.102287 0.104687 0.155556
0 0.901634 0.553851 0.104687 0.144444
0 0.903788 0.746060 0.104687 0.170833
0 0.216822 0.062512 0.120312 0.123611
0 0.124810 0.051097 0.061719 0.100000
0 0.226644 0.927152 0.115625 0.143056
0 0.181315 0.329657 0.081250 0.104167
0 0.351072 0.916715 0.110156 0.163889
0 0.177268 0.622909 0.113281 0.170833
0 0.596872 0.118144 0.085938 0.177778
0 0.100438 0.452849 0.076563 0.126389
0 0.175741 0.441323 0.080469 0.123611
