0 0.584662 0.407586 0.078125 0.156944
0 0.662922 0.416169 0.061719 0.168056
0 0.919564 0.108239 0.104687 0.155556
0 0.901050 0.553841 0.104687 0.144444
0 0.903546 0.746100 0.104687 0.170833
0 0.216575 0.062992 0.120312 0.123611
0 0.125098 0.051042 0.061719 0.100000
0 0.182715 0.330307 0.081250 0.104167
0 0.352359 0.916808 0.110156 0.163889
0 0.597489 0.116765 0.085938 0.177778
0 0.186195 0.443744 0.109375 0.136111
0 0.178833 0.650688 0.114063 0.173611
0 0.099032 0.470970 0.069531 0.154167
0 0.528915 0.702096 0.107813 0.176389
0 0.168995 0.917591 0.122656 0.162500
0 0.101276 0.305520 0.066406 0.147222
