0 0.689863 0.172178 0.070312 0.163889
0 0.754870 0.183399 0.092188 0.134722
0 0.237161 0.436517 0.119531 0.148611
0 0.137896 0.454853 0.080469 0.123611
0 0.562858 0.502821 0.067969 0.127778
0 0.563659 0.627020 0.085938 0.130556
0 0.629120 0.685908 0.080469 0.147222
0 0.893296 0.567156 0.136719 0.156944
0 0.650689 0.521372 0.132812 0.120833
0 0.750111 0.477745 0.092188 0.161111
0 0.282842 0.476201 0.107813 0.119444
0 0.439135 0.638726 0.092188 0.130556
0 0.379611 0.495647 0.070312 0.122222
0 0.460022 0.499408 0.081250 0.145833
0 0.242291 0.567309 0.146875 0.126389
