0 0.690005 0.172367 0.070312 0.163889
0 0.772004 0.186157 0.091406 0.130556
0 0.556670 0.450207 0.066406 0.144444
0 0.614674 0.424243 0.065625 0.126389
0 0.462918 0.513085 0.080469 0.120833
0 0.170604 0.445764 0.182031 0.116667
0 0.292219 0.402759 0.101562 0.130556
0 0.680441 0.449211 0.071875 0.154167
0 0.794430 0.383022 0.148438 0.136111
0 0.671753 0.549214 0.117969 0.129167
0 0.416408 0.589271 0.081250 0.120833
0 0.824936 0.552464 0.128125 0.126389
0 0.111328 0.584028 0.161719 0.126389
0 0.283203 0.529167 0.097656 0.122222
