0 0.689905 0.172318 0.070312 0.163889
0 0.771303 0.189290 0.091406 0.130556
0 0.493739 0.498016 0.076563 0.120833
0 0.639080 0.422894 0.065625 0.145833
0 0.704305 0.458459 0.078906 0.088889
0 0.691182 0.549067 0.138281 0.094444
0 0.570305 0.445740 0.073437 0.138889
0 0.154528 0.472491 0.069531 0.125000
0 0.850199 0.616788 0.161719 0.150000
0 0.864269 0.384681 0.135156 0.111111
0 0.075190 0.543651 0.128906 0.108333
0 0.438108 0.634320 0.089062 0.141667
0 0.335938 0.621528 0.101562 0.134722
0 0.366797 0.506250 0.067969 0.123611
0 0.298828 0.447222 0.097656 0.152778
0 0.225781 0.382639 0.084375 0.118056
