0 0.689761 0.172234 0.070312 0.163889
0 0.771536 0.175033 0.092188 0.134722
0 0.848779 0.567730 0.100781 0.108333
0 0.237129 0.435618 0.119531 0.148611
0 0.622437 0.611037 0.094531 0.133333
0 0.747998 0.491084 0.141406 0.129167
0 0.477502 0.515492 0.076563 0.122222
0 0.724225 0.660902 0.106250 0.125000
0 0.264345 0.572251 0.114063 0.126389
0 0.137891 0.454861 0.080469 0.123611
0 0.319141 0.472222 0.086719 0.119444
0 0.401172 0.525000 0.057031 0.119444
0 0.475391 0.640278 0.094531 0.130556
0 0.607422 0.481944 0.094531 0.144444
0 0.077344 0.643056 0.137500 0.116667
