0 0.584808 0.407344 0.078125 0.156944
0 0.660148 0.407970 0.061719 0.168056
0 0.598572 0.121267 0.085938 0.177778
0 0.165704 0.644406 0.114063 0.173611
0 0.525931 0.715494 0.085938 0.163889
0 0.925778 0.114684 0.090625 0.154167
0 0.964742 0.757219 0.064062 0.155556
0 0.908299 0.553195 0.110937 0.125000
0 0.087996 0.906291 0.132031 0.169444
0 0.148005 0.106117 0.050781 0.098611
0 0.094825 0.450960 0.075781 0.129167
0 0.170497 0.447940 0.096094 0.109722
0 0.256641 0.364583 0.125781 0.181944
0 0.381250 0.312500 0.067188 0.125000
0 0.230078 0.097917 0.102344 0.137500
0 0.055469 0.098611 0.110937 0.138889
0 0.128125 0.324306 0.045313 0.076389
0 0.173438 0.320833 0.042188 0.100000
