0 0.760165 0.203022 0.082813 0.147222
0 0.680237 0.416328 0.075781 0.100000
0 0.921900 0.427720 0.143750 0.141667
0 0.888840 0.625844 0.157031 0.116667
0 0.794876 0.439579 0.108594 0.140278
0 0.436716 0.436829 0.093750 0.143056
0 0.261959 0.553173 0.138281 0.104167
0 0.099781 0.595940 0.140625 0.122222
0 0.139847 0.485362 0.107813 0.109722
0 0.237816 0.456070 0.103906 0.101389
0 0.525375 0.433519 0.064844 0.188889
0 0.663010 0.512124 0.157813 0.105556
0 0.345680 0.415255 0.097656 0.144444
0 0.411289 0.567088 0.117188 0.127778
