0 0.584762 0.407514 0.078125 0.156944
0 0.659422 0.408146 0.061719 0.168056
0 0.900151 0.553772 0.104687 0.144444
0 0.901343 0.739611 0.104687 0.170833
0 0.598093 0.120394 0.085938 0.177778
0 0.164172 0.648891 0.114063 0.173611
0 0.099147 0.458781 0.089844 0.123611
0 0.525901 0.715432 0.085938 0.163889
0 0.928909 0.114882 0.090625 0.154167
0 0.194787 0.449609 0.096094 0.138889
0 0.108129 0.316896 0.075781 0.111111
0 0.085941 0.817583 0.152344 0.136111
0 0.091508 0.095740 0.132812 0.141667
0 0.307519 0.104091 0.117969 0.169444
0 0.182031 0.322917 0.068750 0.106944
