0 0.755598 0.186895 0.093750 0.155556
0 0.080604 0.201795 0.075000 0.093056
0 0.619725 0.405180 0.079687 0.111111
0 0.501583 0.516574 0.070312 0.119444
0 0.686077 0.686735 0.089844 0.122222
0 0.741343 0.364041 0.135937 0.122222
0 0.737150 0.589690 0.103906 0.122222
0 0.266814 0.514079 0.115625 0.137500
0 0.866073 0.465990 0.111719 0.123611
0 0.239809 0.645033 0.101562 0.108333
0 0.396595 0.451792 0.100781 0.109722
0 0.538890 0.442891 0.095312 0.127778
0 0.377588 0.548353 0.083594 0.104167
0 0.742910 0.458043 0.105469 0.111111
0 0.582812 0.106250 0.087500 0.187500
0 0.632031 0.520139 0.090625 0.101389
0 0.103906 0.603472 0.146875 0.106944
