0 0.584710 0.407542 0.078125 0.156944
0 0.661008 0.416216 0.061719 0.168056
0 0.922052 0.139615 0.104687 0.155556
0 0.900696 0.553786 0.104687 0.144444
0 0.902698 0.744524 0.104687 0.170833
0 0.216450 0.063198 0.120312 0.123611
0 0.597793 0.117218 0.085938 0.177778
0 0.178297 0.650026 0.114063 0.173611
0 0.174425 0.324137 0.079687 0.118056
0 0.208338 0.465147 0.115625 0.118056
0 0.519913 0.736784 0.096094 0.145833
0 0.099473 0.453105 0.089844 0.123611
0 0.114529 0.314593 0.050781 0.137500
0 0.163227 0.876443 0.143750 0.195833
