0 0.689889 0.172220 0.070312 0.163889
0 0.770917 0.175327 0.092188 0.134722
0 0.236998 0.435423 0.119531 0.148611
0 0.137892 0.454846 0.080469 0.123611
0 0.318866 0.472499 0.086719 0.119444
0 0.457491 0.494314 0.069531 0.133333
0 0.727705 0.518766 0.132031 0.143056
0 0.576487 0.619739 0.082031 0.127778
0 0.107569 0.651504 0.137500 0.137500
0 0.243609 0.570371 0.121875 0.137500
0 0.690907 0.651782 0.102344 0.127778
0 0.808621 0.502529 0.103125 0.169444
0 0.455370 0.627848 0.089844 0.123611
0 0.562777 0.502815 0.067969 0.127778
0 0.386719 0.351389 0.081250 0.180556
0 0.397656 0.533333 0.062500 0.150000
