0 0.691049 0.336711 0.107031 0.133333
0 0.779300 0.330671 0.060938 0.125000
0 0.686877 0.484687 0.098438 0.115278
0 0.157311 0.358073 0.119531 0.108333
0 0.362273 0.552829 0.110937 0.116667
0 0.513647 0.446498 0.086719 0.137500
0 0.146199 0.447121 0.150000 0.081944
0 0.279289 0.393676 0.100781 0.145833
0 0.502862 0.606008 0.087500 0.154167
0 0.691048 0.336712 0.107031 0.133333
0 0.779301 0.330671 0.060938 0.125000
0 0.686877 0.484687 0.098438 0.115278
0 0.157310 0.358073 0.119531 0.108333
0 0.362274 0.552827 0.110937 0.116667
0 0.513647 0.446498 0.086719 0.137500
0 0.146200 0.447122 0.150000 0.081944
0 0.279289 0.393674 0.100781 0.145833
0 0.502863 0.606008 0.087500 0.154167
0 0.402236 0.386125 0.118750 0.133333
0 0.049609 0.347917 0.092969 0.123611
