0 0.292965 0.332012 0.112500 0.144444
0 0.309065 0.136075 0.098438 0.112500
0 0.565132 0.616755 0.096875 0.161111
0 0.406902 0.856975 0.070312 0.152778
0 0.476503 0.813812 0.064062 0.123611
0 0.498100 0.941374 0.077344 0.106944
0 0.729367 0.912015 0.097656 0.154167
0 0.824014 0.865501 0.107031 0.150000
0 0.947626 0.928148 0.102344 0.134722
0 0.318062 0.919386 0.076563 0.155556
0 0.209491 0.861724 0.098438 0.129167
0 0.834449 0.960473 0.106250 0.070833
0 0.598487 0.807596 0.096875 0.162500
0 0.607102 0.939709 0.070312 0.109722
