0 0.582812 0.421528 0.070312 0.151389
0 0.661328 0.420139 0.072656 0.143056
0 0.600000 0.126389 0.084375 0.177778
0 0.923828 0.102778 0.097656 0.152778
0 0.907812 0.536806 0.109375 0.170833
0 0.897266 0.737500 0.105469 0.144444
0 0.974609 0.734722 0.049219 0.144444
0 0.521875 0.694444 0.078125 0.144444
0 0.162891 0.654861 0.135156 0.156944
0 0.182031 0.458333 0.078125 0.138889
0 0.096484 0.456250 0.091406 0.145833
0 0.041797 0.109028 0.083594 0.131944
0 0.160156 0.080556 0.104687 0.088889
0 0.136719 0.140278 0.062500 0.061111
0 0.265234 0.163194 0.055469 0.098611
0 0.116016 0.318750 0.080469 0.098611
0 0.254297 0.365278 0.144531 0.116667
