0 0.782381 0.196691 0.103906 0.161111
0 0.381177 0.422176 0.081250 0.097222
0 0.622233 0.458972 0.097656 0.118056
0 0.753477 0.427858 0.150781 0.125000
0 0.802564 0.539732 0.135156 0.102778
0 0.166337 0.454902 0.156250 0.154167
0 0.046150 0.405826 0.092188 0.105556
0 0.091228 0.584381 0.175000 0.125000
0 0.489464 0.510366 0.083594 0.170833
0 0.785107 0.634141 0.152344 0.125000
0 0.916851 0.460436 0.138281 0.098611
0 0.280469 0.479861 0.075000 0.115278
0 0.367188 0.534722 0.107813 0.097222
0 0.593359 0.612500 0.108594 0.152778
