0 0.584725 0.407471 0.078125 0.156944
0 0.660840 0.416275 0.061719 0.168056
0 0.900923 0.553907 0.104687 0.144444
0 0.902059 0.741924 0.104687 0.170833
0 0.216472 0.063286 0.120312 0.123611
0 0.597584 0.118901 0.085938 0.177778
0 0.178089 0.650163 0.114063 0.173611
0 0.174170 0.324138 0.079687 0.118056
0 0.189707 0.448326 0.115625 0.118056
0 0.094449 0.471427 0.089844 0.123611
0 0.114726 0.314179 0.050781 0.137500
0 0.153200 0.882933 0.141406 0.184722
0 0.525798 0.715285 0.085938 0.163889
0 0.932282 0.114250 0.090625 0.154167
