0 0.584484 0.416616 0.084375 0.169444
0 0.676872 0.411423 0.079687 0.175000
0 0.901523 0.541985 0.100000 0.144444
0 0.523199 0.716698 0.074219 0.152778
0 0.976785 0.749316 0.045313 0.134722
0 0.594785 0.122022 0.086719 0.163889
0 0.133162 0.133440 0.061719 0.093056
0 0.043194 0.141011 0.076563 0.166667
0 0.882875 0.750550 0.089844 0.126389
0 0.119914 0.330666 0.124219 0.122222
0 0.192475 0.463570 0.096875 0.113889
0 0.102953 0.450606 0.087500 0.111111
0 0.304941 0.163359 0.063281 0.088889
0 0.172102 0.666536 0.114844 0.163889
0 0.301205 0.892444 0.121094 0.206944
0 0.154160 0.932903 0.133594 0.125000
0 0.348692 0.286107 0.092969 0.188889
0 0.028125 0.329861 0.056250 0.137500
0 0.921094 0.122917 0.098438 0.162500
