0 0.689904 0.172136 0.070312 0.163889
0 0.752877 0.181897 0.092188 0.134722
0 0.237127 0.436654 0.119531 0.148611
0 0.137873 0.454840 0.080469 0.123611
0 0.562891 0.502811 0.067969 0.127778
0 0.564857 0.625716 0.085938 0.130556
0 0.629318 0.685850 0.080469 0.147222
0 0.892307 0.567772 0.136719 0.156944
0 0.650767 0.521413 0.132812 0.120833
0 0.750131 0.477721 0.092188 0.161111
0 0.282854 0.476098 0.107813 0.119444
0 0.437025 0.642284 0.092188 0.130556
0 0.379518 0.495761 0.070312 0.122222
0 0.460025 0.499187 0.081250 0.145833
0 0.242188 0.574306 0.146875 0.126389
