0 0.689937 0.172416 0.070312 0.163889
0 0.773452 0.190704 0.091406 0.130556
0 0.493856 0.497881 0.076563 0.120833
0 0.416188 0.631227 0.077344 0.148611
0 0.365451 0.474991 0.079687 0.133333
0 0.315118 0.560747 0.076563 0.125000
0 0.556821 0.450272 0.066406 0.144444
0 0.614773 0.424316 0.065625 0.126389
0 0.692240 0.472254 0.092188 0.105556
0 0.794126 0.407167 0.138281 0.119444
0 0.827606 0.554734 0.135156 0.156944
0 0.061781 0.596787 0.095312 0.136111
0 0.138281 0.567361 0.089062 0.145833
0 0.215625 0.497222 0.125000 0.113889
0 0.669141 0.567361 0.144531 0.112500
