0 0.610581 0.411242 0.103906 0.172222
0 0.723559 0.512658 0.104687 0.150000
0 0.827109 0.518323 0.096875 0.112500
0 0.781534 0.409612 0.117969 0.097222
0 0.898828 0.361916 0.128906 0.172222
0 0.811704 0.200645 0.042188 0.137500
0 0.767824 0.196868 0.060938 0.150000
0 0.691397 0.186540 0.088281 0.187500
0 0.274585 0.479617 0.088281 0.129167
0 0.058293 0.485298 0.116406 0.126389
0 0.504204 0.410533 0.085156 0.145833
0 0.064547 0.605896 0.128906 0.141667
0 0.188412 0.506400 0.100000 0.112500
0 0.298047 0.366667 0.074219 0.158333
0 0.367969 0.358333 0.056250 0.130556
0 0.430469 0.337500 0.067188 0.158333
0 0.378516 0.492361 0.099219 0.115278
0 0.558203 0.536111 0.094531 0.130556
