0 0.689913 0.172372 0.070312 0.163889
0 0.771852 0.189260 0.091406 0.130556
0 0.373277 0.494540 0.082031 0.155556
0 0.493827 0.498289 0.076563 0.120833
0 0.639119 0.422883 0.065625 0.145833
0 0.704328 0.458456 0.078906 0.088889
0 0.691175 0.550654 0.138281 0.094444
0 0.570274 0.445629 0.073437 0.138889
0 0.468218 0.638079 0.094531 0.137500
0 0.155056 0.473521 0.069531 0.125000
0 0.256522 0.460412 0.124219 0.129167
0 0.337723 0.594499 0.100781 0.130556
0 0.872187 0.593821 0.161719 0.150000
0 0.864363 0.384992 0.135156 0.111111
0 0.075391 0.544444 0.128906 0.108333
