0 0.691211 0.335732 0.107031 0.133333
0 0.694625 0.470632 0.098438 0.115278
0 0.157472 0.357994 0.119531 0.108333
0 0.513634 0.446183 0.086719 0.137500
0 0.501052 0.613587 0.087500 0.154167
0 0.691211 0.335731 0.107031 0.133333
0 0.694623 0.470634 0.098438 0.115278
0 0.157467 0.357994 0.119531 0.108333
0 0.513635 0.446185 0.086719 0.137500
0 0.499525 0.614530 0.087500 0.154167
0 0.142023 0.424517 0.149219 0.086111
0 0.411011 0.398669 0.084375 0.136111
0 0.359030 0.560019 0.100000 0.119444
0 0.787103 0.292330 0.078906 0.113889
0 0.049414 0.320846 0.087500 0.116667
0 0.700391 0.089583 0.114844 0.159722
0 0.271094 0.411806 0.104687 0.148611
