0 0.125445 0.050320 0.057031 0.100000
0 0.194470 0.329618 0.067969 0.105556
0 0.584756 0.407368 0.078125 0.156944
0 0.660053 0.416098 0.061719 0.168056
0 0.900350 0.553874 0.104687 0.144444
0 0.902078 0.741210 0.104687 0.170833
0 0.597772 0.120673 0.085938 0.177778
0 0.179162 0.650506 0.114063 0.173611
0 0.097202 0.456573 0.089844 0.123611
0 0.115362 0.315619 0.050781 0.137500
0 0.525805 0.715306 0.085938 0.163889
0 0.930373 0.114741 0.090625 0.154167
0 0.190885 0.467885 0.096094 0.138889
0 0.220867 0.121425 0.127344 0.144444
0 0.097506 0.831857 0.182812 0.144444
