0 0.584740 0.407384 0.078125 0.156944
0 0.661297 0.416309 0.061719 0.168056
0 0.921122 0.140639 0.104687 0.155556
0 0.901040 0.553908 0.104687 0.144444
0 0.902461 0.742651 0.104687 0.170833
0 0.216468 0.063145 0.120312 0.123611
0 0.597647 0.117598 0.085938 0.177778
0 0.177777 0.649979 0.114063 0.173611
0 0.177289 0.324135 0.079687 0.118056
0 0.206150 0.462197 0.115625 0.118056
0 0.520142 0.736913 0.096094 0.145833
0 0.095990 0.450592 0.089844 0.123611
0 0.113133 0.313956 0.050781 0.137500
0 0.159050 0.874492 0.133594 0.183333
