0 0.178080 0.447236 0.093750 0.133333
0 0.610503 0.411303 0.103906 0.172222
0 0.580780 0.558465 0.078906 0.147222
0 0.723691 0.512490 0.104687 0.150000
0 0.827022 0.518368 0.096875 0.112500
0 0.781530 0.409777 0.117969 0.097222
0 0.898832 0.362085 0.128906 0.172222
0 0.809043 0.195746 0.042188 0.137500
0 0.760970 0.192993 0.060938 0.150000
0 0.691589 0.186521 0.088281 0.187500
0 0.297488 0.361124 0.100000 0.133333
0 0.274736 0.475595 0.088281 0.129167
0 0.365215 0.448937 0.096094 0.133333
0 0.058218 0.485306 0.116406 0.126389
0 0.504358 0.410241 0.085156 0.145833
0 0.064828 0.606249 0.128906 0.141667
0 0.434766 0.115972 0.122656 0.201389
0 0.370703 0.344444 0.067969 0.108333
