0 0.754634 0.201126 0.094531 0.166667
0 0.725727 0.500737 0.123438 0.168056
0 0.841770 0.443027 0.146094 0.119444
0 0.833379 0.598024 0.127344 0.122222
0 0.147161 0.476344 0.130469 0.105556
0 0.155983 0.600189 0.154687 0.097222
0 0.346125 0.453484 0.081250 0.140278
0 0.252744 0.419549 0.108594 0.116667
0 0.954251 0.395151 0.082031 0.104167
0 0.944323 0.663296 0.107031 0.136111
0 0.432024 0.452861 0.093750 0.163889
0 0.558131 0.411027 0.078906 0.111111
0 0.282860 0.601192 0.112500 0.126389
0 0.570703 0.518056 0.091406 0.116667
