0 0.292884 0.331606 0.112500 0.144444
0 0.565268 0.616868 0.096875 0.161111
0 0.307119 0.152463 0.091406 0.120833
0 0.292885 0.331606 0.112500 0.144444
0 0.565276 0.616868 0.096875 0.161111
0 0.307164 0.152434 0.091406 0.120833
0 0.292884 0.331606 0.112500 0.144444
0 0.565268 0.616868 0.096875 0.161111
0 0.307129 0.152458 0.091406 0.120833
0 0.292884 0.331606 0.112500 0.144444
0 0.565273 0.616861 0.096875 0.161111
0 0.307134 0.152452 0.091406 0.120833
0 0.222161 0.884044 0.053906 0.176389
0 0.421911 0.801960 0.073437 0.156944
0 0.307479 0.944035 0.102344 0.094444
0 0.680496 0.847771 0.104687 0.143056
0 0.294413 0.826502 0.078125 0.136111
0 0.916012 0.859068 0.124219 0.159722
0 0.799673 0.877785 0.105469 0.194444
0 0.692938 0.945784 0.100000 0.105556
0 0.562662 0.793115 0.073437 0.155556
0 0.100271 0.865290 0.141406 0.133333
0 0.467350 0.910382 0.054688 0.165278
