0 0.755681 0.185177 0.093750 0.155556
0 0.080583 0.201974 0.075000 0.093056
0 0.619543 0.405935 0.079687 0.111111
0 0.641785 0.509585 0.092188 0.125000
0 0.501614 0.516566 0.070312 0.119444
0 0.688081 0.669658 0.089844 0.122222
0 0.741437 0.363858 0.135937 0.122222
0 0.133715 0.610064 0.152344 0.113889
0 0.546906 0.450592 0.079687 0.108333
0 0.743862 0.588093 0.103906 0.122222
0 0.752039 0.457463 0.117188 0.106944
0 0.266663 0.514287 0.115625 0.137500
0 0.263883 0.627420 0.096094 0.095833
0 0.856258 0.510482 0.082813 0.123611
0 0.396875 0.473611 0.089062 0.119444
0 0.391406 0.573611 0.081250 0.108333
0 0.453906 0.290278 0.110937 0.152778
