0 0.292891 0.331670 0.112500 0.144444
0 0.565375 0.616647 0.096875 0.161111
0 0.305927 0.128123 0.091406 0.120833
0 0.292892 0.331669 0.112500 0.144444
0 0.565383 0.616645 0.096875 0.161111
0 0.305935 0.128116 0.091406 0.120833
0 0.292891 0.331669 0.112500 0.144444
0 0.565375 0.616647 0.096875 0.161111
0 0.305930 0.128122 0.091406 0.120833
0 0.292891 0.331669 0.112500 0.144444
0 0.565381 0.616644 0.096875 0.161111
0 0.305930 0.128120 0.091406 0.120833
0 0.222203 0.884047 0.053906 0.176389
0 0.421754 0.802046 0.073437 0.156944
0 0.109465 0.863888 0.131250 0.144444
0 0.307493 0.944087 0.102344 0.094444
0 0.680465 0.847888 0.104687 0.143056
0 0.676913 0.940918 0.110156 0.115278
0 0.559023 0.793677 0.075000 0.161111
0 0.810182 0.900162 0.118750 0.191667
0 0.294472 0.826457 0.078125 0.136111
0 0.915935 0.859146 0.124219 0.159722
0 0.459766 0.913194 0.066406 0.162500
