0 0.381166 0.422146 0.081250 0.097222
0 0.489376 0.510381 0.083594 0.170833
0 0.150702 0.452029 0.139062 0.145833
0 0.692182 0.425671 0.114063 0.115278
0 0.758199 0.529056 0.116406 0.111111
0 0.601523 0.484574 0.095312 0.136111
0 0.748141 0.206654 0.121875 0.154167
0 0.052344 0.415972 0.104687 0.115278
0 0.090234 0.584028 0.160156 0.129167
0 0.254297 0.504167 0.124219 0.144444
0 0.358984 0.543750 0.111719 0.126389
0 0.745703 0.652778 0.146094 0.133333
0 0.843750 0.448611 0.126563 0.136111
0 0.588281 0.622917 0.121875 0.140278
