0 0.690944 0.336551 0.107031 0.133333
0 0.779359 0.330633 0.060938 0.125000
0 0.687230 0.482434 0.098438 0.115278
0 0.157320 0.358187 0.119531 0.108333
0 0.362338 0.552848 0.110937 0.116667
0 0.513633 0.446420 0.086719 0.137500
0 0.144752 0.447697 0.150000 0.081944
0 0.279220 0.393678 0.100781 0.145833
0 0.502467 0.605642 0.087500 0.154167
0 0.690943 0.336552 0.107031 0.133333
0 0.779359 0.330633 0.060938 0.125000
0 0.687229 0.482434 0.098438 0.115278
0 0.157319 0.358186 0.119531 0.108333
0 0.362339 0.552847 0.110937 0.116667
0 0.513633 0.446419 0.086719 0.137500
0 0.144753 0.447698 0.150000 0.081944
0 0.279220 0.393677 0.100781 0.145833
0 0.502468 0.605642 0.087500 0.154167
0 0.402314 0.386094 0.118750 0.133333
0 0.048437 0.359028 0.092188 0.106944
