0 0.780573 0.196242 0.103906 0.161111
0 0.381161 0.422072 0.081250 0.097222
0 0.622252 0.459012 0.097656 0.118056
0 0.489446 0.510348 0.083594 0.170833
0 0.369227 0.540558 0.107813 0.097222
0 0.593019 0.638044 0.108594 0.152778
0 0.044942 0.429309 0.089844 0.097222
0 0.272588 0.521445 0.078125 0.134722
0 0.150782 0.452145 0.139062 0.145833
0 0.692187 0.425694 0.114063 0.115278
0 0.758203 0.529167 0.116406 0.111111
0 0.863281 0.468056 0.148438 0.125000
0 0.093359 0.580556 0.169531 0.113889
0 0.778125 0.639583 0.145313 0.118056
