0 0.689825 0.172194 0.070312 0.163889
0 0.562938 0.502792 0.067969 0.127778
0 0.559986 0.625341 0.085938 0.130556
0 0.628809 0.686152 0.080469 0.147222
0 0.895012 0.559064 0.136719 0.156944
0 0.650691 0.521489 0.132812 0.120833
0 0.749955 0.477821 0.092188 0.161111
0 0.282835 0.476093 0.107813 0.119444
0 0.379462 0.495746 0.070312 0.122222
0 0.459983 0.499170 0.081250 0.145833
0 0.758905 0.178785 0.089844 0.126389
0 0.202772 0.458255 0.132031 0.113889
0 0.249219 0.566667 0.125000 0.111111
0 0.439063 0.643056 0.106250 0.127778
