0 0.584835 0.407277 0.078125 0.156944
0 0.670286 0.415574 0.061719 0.168056
0 0.598558 0.121337 0.085938 0.177778
0 0.165190 0.648329 0.114063 0.173611
0 0.525943 0.715481 0.085938 0.163889
0 0.925944 0.114752 0.090625 0.154167
0 0.971001 0.751608 0.064062 0.155556
0 0.908184 0.553242 0.110937 0.125000
0 0.088046 0.905900 0.132031 0.169444
0 0.147883 0.110250 0.050781 0.098611
0 0.095001 0.450842 0.075781 0.129167
0 0.183109 0.467413 0.096094 0.109722
0 0.227177 0.118509 0.102344 0.137500
0 0.119560 0.324420 0.045313 0.076389
0 0.158758 0.332542 0.042188 0.100000
0 0.058594 0.094444 0.114063 0.158333
0 0.351562 0.351389 0.065625 0.111111
0 0.929688 0.852778 0.126563 0.150000
0 0.245312 0.349306 0.125000 0.131944
