0 0.757277 0.195311 0.093750 0.155556
0 0.080840 0.200205 0.075000 0.093056
0 0.310826 0.607480 0.097656 0.087500
0 0.614021 0.429826 0.082813 0.109722
0 0.759807 0.675660 0.091406 0.122222
0 0.800922 0.372197 0.117188 0.136111
0 0.809364 0.494923 0.114063 0.105556
0 0.932458 0.462626 0.132031 0.091667
0 0.451605 0.586196 0.081250 0.111111
0 0.820473 0.597667 0.103125 0.109722
0 0.558233 0.508291 0.074219 0.102778
0 0.189563 0.586703 0.169531 0.102778
0 0.686094 0.519193 0.085938 0.104167
0 0.676883 0.388222 0.078906 0.123611
0 0.451475 0.455536 0.075000 0.105556
0 0.314087 0.517363 0.120312 0.095833
