0 0.752815 0.193579 0.082813 0.147222
0 0.046293 0.180647 0.091406 0.123611
0 0.239744 0.469171 0.078125 0.102778
0 0.680058 0.416461 0.075781 0.100000
0 0.921900 0.427903 0.143750 0.141667
0 0.343415 0.441746 0.097656 0.113889
0 0.868399 0.601417 0.157031 0.116667
0 0.794941 0.439496 0.108594 0.140278
0 0.410350 0.573332 0.107813 0.119444
0 0.155486 0.488826 0.104687 0.125000
0 0.436739 0.436857 0.093750 0.143056
0 0.690371 0.513999 0.120312 0.086111
0 0.091797 0.577778 0.114844 0.116667
0 0.262109 0.553472 0.138281 0.104167
0 0.576172 0.427083 0.099219 0.154167
