0 0.689791 0.172248 0.070312 0.163889
0 0.562776 0.502699 0.067969 0.127778
0 0.560294 0.626980 0.085938 0.130556
0 0.616869 0.683419 0.080469 0.147222
0 0.650687 0.521469 0.132812 0.120833
0 0.750015 0.477756 0.092188 0.161111
0 0.379837 0.495783 0.070312 0.122222
0 0.760225 0.180246 0.089844 0.126389
0 0.438650 0.642163 0.106250 0.127778
0 0.463657 0.515954 0.071094 0.137500
0 0.885871 0.574243 0.136719 0.113889
0 0.225254 0.560906 0.128906 0.106944
0 0.248047 0.453472 0.127344 0.106944
0 0.103516 0.606944 0.139844 0.125000
