0 0.688356 0.157812 0.089062 0.155556
0 0.760179 0.176144 0.039062 0.141667
0 0.813980 0.176538 0.064062 0.130556
0 0.417586 0.503081 0.077344 0.155556
0 0.631658 0.422790 0.083594 0.143056
0 0.528793 0.370935 0.071875 0.119444
0 0.574191 0.544138 0.082813 0.141667
0 0.813664 0.533971 0.125000 0.109722
0 0.211323 0.432064 0.103906 0.113889
0 0.808249 0.411754 0.111719 0.106944
0 0.728066 0.497011 0.087500 0.138889
0 0.299668 0.447197 0.075781 0.144444
0 0.291406 0.634722 0.120312 0.138889
0 0.128125 0.636111 0.132812 0.113889
0 0.077344 0.485417 0.142188 0.112500
0 0.423438 0.350694 0.079687 0.106944
0 0.350000 0.400000 0.073437 0.147222
0 0.923047 0.369444 0.092969 0.138889
