0 0.564538 0.468397 0.075781 0.113889
0 0.720434 0.510962 0.096875 0.105556
0 0.688378 0.175246 0.076563 0.156944
0 0.766757 0.174165 0.050781 0.091667
0 0.808175 0.527858 0.083594 0.105556
0 0.312453 0.470198 0.096875 0.104167
0 0.637814 0.606676 0.091406 0.122222
0 0.454127 0.339569 0.087500 0.140278
0 0.183017 0.577690 0.135937 0.100000
0 0.378100 0.363960 0.082813 0.130556
0 0.728806 0.626267 0.096875 0.120833
0 0.876281 0.600945 0.096875 0.125000
0 0.442578 0.469444 0.074219 0.088889
0 0.649609 0.379861 0.077344 0.081944
0 0.657812 0.450000 0.068750 0.063889
0 0.648828 0.272222 0.117969 0.122222
