0 0.690008 0.172375 0.070312 0.163889
0 0.773122 0.191354 0.091406 0.130556
0 0.493840 0.498165 0.076563 0.120833
0 0.154835 0.484182 0.069531 0.125000
0 0.244485 0.480585 0.121875 0.138889
0 0.416239 0.630992 0.077344 0.148611
0 0.845832 0.558214 0.121875 0.140278
0 0.365492 0.475014 0.079687 0.133333
0 0.325606 0.563940 0.076563 0.125000
0 0.556618 0.450214 0.066406 0.144444
0 0.614810 0.424154 0.065625 0.126389
0 0.668385 0.584979 0.149219 0.122222
0 0.058984 0.545139 0.111719 0.109722
0 0.692187 0.472222 0.092188 0.105556
0 0.794141 0.406944 0.138281 0.119444
