0 0.292975 0.331988 0.112500 0.144444
0 0.309273 0.135692 0.098438 0.112500
0 0.565012 0.616553 0.096875 0.161111
0 0.406945 0.856983 0.070312 0.152778
0 0.477443 0.813621 0.064062 0.123611
0 0.498039 0.941242 0.077344 0.106944
0 0.603222 0.827177 0.102344 0.148611
0 0.614115 0.943752 0.089062 0.095833
0 0.729294 0.911850 0.097656 0.154167
0 0.823962 0.865609 0.107031 0.150000
0 0.854312 0.957713 0.111719 0.076389
0 0.947328 0.928243 0.102344 0.134722
0 0.348039 0.928111 0.072656 0.127778
0 0.218359 0.865972 0.125781 0.154167
