0 0.929962 0.106380 0.103125 0.159722
0 0.584351 0.416726 0.084375 0.169444
0 0.670656 0.411325 0.079687 0.175000
0 0.905987 0.542770 0.100000 0.144444
0 0.895352 0.748874 0.114063 0.190278
0 0.531655 0.702801 0.074219 0.152778
0 0.156526 0.930181 0.142969 0.134722
0 0.608635 0.123012 0.096094 0.188889
0 0.260629 0.405920 0.138281 0.140278
0 0.976586 0.749311 0.045313 0.134722
0 0.119352 0.128113 0.045313 0.065278
0 0.116778 0.319807 0.075000 0.106944
0 0.099692 0.462795 0.076563 0.119444
0 0.260744 0.163817 0.060156 0.088889
0 0.047358 0.123241 0.092188 0.120833
0 0.166172 0.647440 0.125781 0.173611
0 0.032422 0.316667 0.064844 0.147222
0 0.185937 0.463194 0.082813 0.143056
