0 0.754584 0.201080 0.094531 0.166667
0 0.417677 0.457598 0.067969 0.137500
0 0.143025 0.472980 0.115625 0.087500
0 0.785635 0.455538 0.124219 0.155556
0 0.903529 0.420116 0.128906 0.134722
0 0.647720 0.481476 0.095312 0.168056
0 0.329315 0.456960 0.080469 0.141667
0 0.237894 0.421487 0.116406 0.118056
0 0.508376 0.514675 0.103125 0.129167
0 0.521951 0.423182 0.068750 0.104167
0 0.739354 0.606685 0.138281 0.152778
0 0.153644 0.565576 0.138281 0.100000
0 0.281567 0.584584 0.113281 0.137500
0 0.900226 0.661377 0.171875 0.175000
