0 0.292909 0.331794 0.112500 0.144444
0 0.565161 0.616672 0.096875 0.161111
0 0.759466 0.872249 0.092188 0.141667
0 0.311560 0.137043 0.091406 0.120833
0 0.168227 0.870220 0.110156 0.148611
0 0.292910 0.331794 0.112500 0.144444
0 0.565165 0.616668 0.096875 0.161111
0 0.759469 0.872251 0.092188 0.141667
0 0.311561 0.137042 0.091406 0.120833
0 0.168227 0.870220 0.110156 0.148611
0 0.292910 0.331794 0.112500 0.144444
0 0.565161 0.616671 0.096875 0.161111
0 0.759466 0.872249 0.092188 0.141667
0 0.311560 0.137043 0.091406 0.120833
0 0.168227 0.870219 0.110156 0.148611
0 0.292910 0.331794 0.112500 0.144444
0 0.565165 0.616668 0.096875 0.161111
0 0.759469 0.872250 0.092188 0.141667
0 0.311560 0.137042 0.091406 0.120833
0 0.168223 0.870222 0.110156 0.148611
0 0.875125 0.910495 0.115625 0.166667
0 0.481163 0.776290 0.087500 0.130556
0 0.627755 0.861763 0.082031 0.190278
0 0.297560 0.868129 0.070312 0.188889
0 0.481165 0.906953 0.060938 0.111111
0 0.378358 0.933301 0.085156 0.108333
0 0.367969 0.804167 0.064062 0.144444
