0 0.690007 0.172459 0.070312 0.163889
0 0.770896 0.188134 0.091406 0.130556
0 0.556659 0.450305 0.066406 0.144444
0 0.614697 0.424237 0.065625 0.126389
0 0.794565 0.383181 0.148438 0.136111
0 0.674923 0.548938 0.117969 0.129167
0 0.396713 0.700895 0.003906 0.001389
0 0.678837 0.413143 0.076563 0.126389
0 0.822403 0.549343 0.126563 0.129167
0 0.303906 0.615278 0.100000 0.091667
0 0.129688 0.531250 0.159375 0.112500
0 0.273828 0.409722 0.097656 0.125000
0 0.260156 0.530556 0.123438 0.097222
0 0.416406 0.586806 0.079687 0.104167
0 0.451562 0.477778 0.075000 0.130556
