0 0.701676 0.193879 0.075781 0.154167
0 0.408632 0.466837 0.074219 0.134722
0 0.666121 0.474433 0.082031 0.134722
0 0.753712 0.377906 0.099219 0.083333
0 0.475855 0.489005 0.071875 0.115278
0 0.832421 0.601029 0.110156 0.104167
0 0.811309 0.506991 0.107031 0.102778
0 0.796151 0.170839 0.060938 0.108333
0 0.350122 0.625776 0.090625 0.156944
0 0.729689 0.443763 0.062500 0.070833
0 0.719308 0.585619 0.118750 0.106944
0 0.573411 0.485555 0.056250 0.093056
0 0.230100 0.437966 0.144531 0.125000
0 0.314810 0.518041 0.082813 0.091667
0 0.511732 0.410570 0.068750 0.101389
0 0.579708 0.381083 0.096875 0.115278
0 0.092969 0.551389 0.146875 0.097222
