0 0.112500 0.334028 0.062500 0.126389
0 0.180078 0.336111 0.072656 0.138889
0 0.382031 0.425000 0.093750 0.169444
0 0.584375 0.407639 0.078125 0.156944
0 0.661328 0.415972 0.061719 0.168056
0 0.596094 0.126389 0.096875 0.163889
0 0.919531 0.108333 0.104687 0.155556
0 0.902344 0.554167 0.104687 0.144444
0 0.903125 0.742361 0.104687 0.170833
0 0.371094 0.927083 0.084375 0.143056
0 0.161328 0.650000 0.103906 0.163889
0 0.189453 0.455556 0.088281 0.108333
0 0.101562 0.457639 0.087500 0.120833
0 0.216406 0.063194 0.120312 0.123611
0 0.124609 0.052778 0.061719 0.100000
0 0.226562 0.927083 0.115625 0.143056
