0 0.292913 0.331734 0.112500 0.144444
0 0.565292 0.616919 0.096875 0.161111
0 0.307756 0.147039 0.091406 0.120833
0 0.292914 0.331734 0.112500 0.144444
0 0.565295 0.616917 0.096875 0.161111
0 0.307758 0.147038 0.091406 0.120833
0 0.292914 0.331734 0.112500 0.144444
0 0.565292 0.616919 0.096875 0.161111
0 0.307756 0.147040 0.091406 0.120833
0 0.292914 0.331734 0.112500 0.144444
0 0.565293 0.616912 0.096875 0.161111
0 0.307756 0.147039 0.091406 0.120833
0 0.875314 0.912464 0.115625 0.166667
0 0.378433 0.933428 0.085156 0.108333
0 0.636337 0.835534 0.080469 0.181944
0 0.747248 0.868066 0.100781 0.144444
0 0.158936 0.842431 0.122656 0.151389
0 0.485081 0.912884 0.056250 0.118056
0 0.291406 0.852778 0.082813 0.163889
0 0.368750 0.807639 0.068750 0.143056
0 0.493750 0.788889 0.082813 0.141667
