0 0.292928 0.331758 0.112500 0.144444
0 0.565454 0.617158 0.096875 0.161111
0 0.300462 0.133862 0.091406 0.120833
0 0.292929 0.331758 0.112500 0.144444
0 0.565461 0.617155 0.096875 0.161111
0 0.300464 0.133861 0.091406 0.120833
0 0.292928 0.331757 0.112500 0.144444
0 0.565454 0.617158 0.096875 0.161111
0 0.300463 0.133862 0.091406 0.120833
0 0.292928 0.331757 0.112500 0.144444
0 0.565458 0.617146 0.096875 0.161111
0 0.300462 0.133861 0.091406 0.120833
0 0.860979 0.911817 0.098438 0.154167
0 0.222179 0.884121 0.053906 0.176389
0 0.287571 0.826377 0.082813 0.136111
0 0.421797 0.802078 0.073437 0.156944
0 0.741368 0.949334 0.117188 0.098611
0 0.109502 0.863874 0.131250 0.144444
0 0.307347 0.944023 0.102344 0.094444
0 0.472548 0.905638 0.046875 0.161111
0 0.575784 0.823680 0.081250 0.176389
0 0.680606 0.847974 0.104687 0.143056
