0 0.691124 0.336804 0.107031 0.133333
0 0.779324 0.330757 0.060938 0.125000
0 0.690229 0.478539 0.098438 0.115278
0 0.157261 0.358067 0.119531 0.108333
0 0.362120 0.552741 0.110937 0.116667
0 0.513621 0.446229 0.086719 0.137500
0 0.279284 0.393669 0.100781 0.145833
0 0.503086 0.603592 0.087500 0.154167
0 0.691123 0.336804 0.107031 0.133333
0 0.779326 0.330757 0.060938 0.125000
0 0.690228 0.478540 0.098438 0.115278
0 0.157258 0.358067 0.119531 0.108333
0 0.362120 0.552739 0.110937 0.116667
0 0.513621 0.446228 0.086719 0.137500
0 0.279284 0.393666 0.100781 0.145833
0 0.503087 0.603592 0.087500 0.154167
0 0.402255 0.386146 0.118750 0.133333
0 0.051185 0.360668 0.092969 0.123611
0 0.152043 0.431015 0.155469 0.093056
