0 0.568267 0.450812 0.075781 0.113889
0 0.688303 0.175193 0.076563 0.156944
0 0.769163 0.174729 0.050781 0.091667
0 0.637093 0.603133 0.091406 0.122222
0 0.182866 0.577733 0.135937 0.100000
0 0.378205 0.364201 0.082813 0.130556
0 0.880625 0.598081 0.096875 0.125000
0 0.446385 0.471569 0.085156 0.097222
0 0.656664 0.395071 0.078906 0.076389
0 0.651527 0.448569 0.051562 0.040278
0 0.693157 0.527983 0.067969 0.079167
0 0.727453 0.621523 0.089062 0.112500
0 0.805844 0.542492 0.087500 0.104167
0 0.307037 0.494547 0.112500 0.130556
0 0.915625 0.297222 0.157813 0.122222
0 0.472266 0.379861 0.092969 0.123611
