0 0.692230 0.425558 0.114063 0.115278
0 0.747817 0.207226 0.121875 0.154167
0 0.582495 0.456396 0.095312 0.140278
0 0.237430 0.499769 0.098438 0.136111
0 0.344954 0.425074 0.099219 0.111111
0 0.722818 0.546920 0.135937 0.102778
0 0.748624 0.649158 0.145313 0.120833
0 0.138455 0.455233 0.095312 0.137500
0 0.582266 0.639183 0.113281 0.180556
0 0.471975 0.456735 0.068750 0.188889
0 0.819238 0.438579 0.113281 0.136111
0 0.897893 0.405739 0.109375 0.138889
0 0.355791 0.534822 0.127344 0.100000
0 0.079182 0.566215 0.142188 0.093056
0 0.919343 0.619054 0.158594 0.122222
