0 0.125970 0.050242 0.057031 0.100000
0 0.584765 0.407391 0.078125 0.156944
0 0.660004 0.416299 0.061719 0.168056
0 0.899949 0.553860 0.104687 0.144444
0 0.902042 0.740971 0.104687 0.170833
0 0.597656 0.120352 0.085938 0.177778
0 0.178566 0.650427 0.114063 0.173611
0 0.096949 0.457611 0.089844 0.123611
0 0.109072 0.323022 0.050781 0.137500
0 0.525907 0.715414 0.085938 0.163889
0 0.932575 0.114413 0.090625 0.154167
0 0.173457 0.466801 0.096094 0.138889
0 0.182183 0.146133 0.128125 0.154167
0 0.180909 0.331304 0.078125 0.111111
0 0.122266 0.874306 0.138281 0.162500
