0 0.688150 0.158132 0.089062 0.155556
0 0.760377 0.175449 0.039062 0.141667
0 0.814992 0.182440 0.064062 0.130556
0 0.631655 0.422846 0.083594 0.143056
0 0.564678 0.545317 0.082813 0.141667
0 0.806771 0.531687 0.125000 0.109722
0 0.211316 0.432086 0.103906 0.113889
0 0.808196 0.411689 0.111719 0.106944
0 0.728101 0.497123 0.087500 0.138889
0 0.299721 0.447429 0.075781 0.144444
0 0.077391 0.485464 0.142188 0.112500
0 0.349885 0.399910 0.073437 0.147222
0 0.922937 0.369394 0.092969 0.138889
0 0.324609 0.608333 0.113281 0.150000
0 0.428516 0.526389 0.092969 0.147222
0 0.533203 0.397917 0.085156 0.131944
0 0.410156 0.360417 0.079687 0.143056
0 0.103125 0.649306 0.165625 0.129167
