0 0.689884 0.172437 0.070312 0.163889
0 0.772691 0.191266 0.091406 0.130556
0 0.416102 0.631536 0.077344 0.148611
0 0.556685 0.450305 0.066406 0.144444
0 0.614752 0.424101 0.065625 0.126389
0 0.692201 0.472153 0.092188 0.105556
0 0.821997 0.537136 0.135156 0.156944
0 0.058188 0.598012 0.095312 0.136111
0 0.134968 0.567442 0.089062 0.145833
0 0.673407 0.561473 0.144531 0.112500
0 0.462924 0.513192 0.080469 0.120833
0 0.806207 0.389100 0.121875 0.141667
0 0.170703 0.445833 0.182031 0.116667
0 0.312109 0.551389 0.103906 0.102778
0 0.324219 0.440278 0.115625 0.119444
