0 0.692134 0.425630 0.114063 0.115278
0 0.748065 0.206763 0.121875 0.154167
0 0.582577 0.456248 0.095312 0.140278
0 0.591079 0.630525 0.097656 0.143056
0 0.354496 0.544700 0.122656 0.127778
0 0.237294 0.500038 0.098438 0.136111
0 0.479780 0.472450 0.071875 0.155556
0 0.344878 0.424985 0.099219 0.111111
0 0.829661 0.491715 0.104687 0.133333
0 0.140624 0.442463 0.118750 0.143056
0 0.752729 0.655845 0.134375 0.144444
0 0.923042 0.413947 0.147656 0.122222
0 0.722707 0.547276 0.135937 0.102778
0 0.085938 0.579861 0.164062 0.115278
