0 0.690018 0.172205 0.070312 0.163889
0 0.771440 0.189997 0.091406 0.130556
0 0.801902 0.475520 0.082031 0.098611
0 0.353971 0.619673 0.096094 0.113889
0 0.760373 0.573084 0.149219 0.126389
0 0.207521 0.578215 0.107031 0.140278
0 0.286314 0.510206 0.113281 0.101389
0 0.394921 0.500616 0.086719 0.140278
0 0.905224 0.564165 0.150000 0.113889
0 0.158230 0.443787 0.138281 0.120833
0 0.487455 0.653657 0.081250 0.133333
0 0.711355 0.423644 0.088281 0.158333
0 0.528125 0.504167 0.071875 0.133333
0 0.610156 0.449306 0.079687 0.145833
0 0.867578 0.400000 0.138281 0.105556
