0 0.691028 0.335687 0.107031 0.133333
0 0.694332 0.471277 0.098438 0.115278
0 0.157590 0.357760 0.119531 0.108333
0 0.513649 0.445938 0.086719 0.137500
0 0.500726 0.613831 0.087500 0.154167
0 0.691029 0.335686 0.107031 0.133333
0 0.694330 0.471279 0.098438 0.115278
0 0.157586 0.357760 0.119531 0.108333
0 0.513651 0.445940 0.086719 0.137500
0 0.499383 0.614625 0.087500 0.154167
0 0.137219 0.423751 0.149219 0.086111
0 0.411026 0.398260 0.084375 0.136111
0 0.359327 0.560506 0.100000 0.119444
0 0.786976 0.292990 0.078906 0.113889
0 0.049336 0.320829 0.087500 0.116667
0 0.271072 0.411979 0.104687 0.148611
0 0.593750 0.217361 0.103125 0.145833
