0 0.752486 0.194217 0.082813 0.147222
0 0.595695 0.434718 0.075781 0.147222
0 0.448419 0.395259 0.093750 0.134722
0 0.361651 0.452886 0.087500 0.119444
0 0.048582 0.180416 0.091406 0.123611
0 0.239760 0.469563 0.078125 0.102778
0 0.169152 0.524348 0.080469 0.143056
0 0.090904 0.572264 0.084375 0.100000
0 0.679986 0.416485 0.075781 0.100000
0 0.691269 0.511616 0.103906 0.094444
0 0.792959 0.475623 0.118750 0.140278
0 0.860669 0.608963 0.158594 0.106944
0 0.921932 0.427921 0.143750 0.141667
0 0.392940 0.576313 0.101562 0.138889
0 0.251172 0.562001 0.105469 0.088889
0 0.876953 0.741667 0.150781 0.150000
