0 0.584884 0.407140 0.078125 0.156944
0 0.670572 0.415509 0.061719 0.168056
0 0.599299 0.121314 0.085938 0.177778
0 0.168361 0.652639 0.114063 0.173611
0 0.525970 0.715472 0.085938 0.163889
0 0.926981 0.115040 0.090625 0.154167
0 0.971012 0.751572 0.064062 0.155556
0 0.908043 0.553268 0.110937 0.125000
0 0.144023 0.127865 0.050781 0.098611
0 0.092547 0.453411 0.075781 0.129167
0 0.336690 0.319908 0.065625 0.111111
0 0.121789 0.322248 0.043750 0.100000
0 0.218863 0.322288 0.140625 0.169444
0 0.187487 0.460832 0.096094 0.100000
0 0.897605 0.751498 0.082813 0.126389
0 0.051562 0.121528 0.093750 0.129167
0 0.223828 0.111806 0.110156 0.131944
