0 0.111760 0.333562 0.062500 0.126389
0 0.584493 0.407359 0.078125 0.156944
0 0.662519 0.416362 0.061719 0.168056
0 0.593323 0.125984 0.096875 0.163889
0 0.918164 0.109966 0.104687 0.155556
0 0.901870 0.553955 0.104687 0.144444
0 0.904230 0.746525 0.104687 0.170833
0 0.160183 0.686922 0.103906 0.163889
0 0.186682 0.456069 0.088281 0.108333
0 0.096821 0.454233 0.087500 0.120833
0 0.216474 0.064002 0.120312 0.123611
0 0.124389 0.051342 0.061719 0.100000
0 0.226940 0.927542 0.115625 0.143056
0 0.425000 0.734722 0.103125 0.172222
0 0.181250 0.329861 0.081250 0.104167
