0 0.292915 0.331779 0.112500 0.144444
0 0.565233 0.616737 0.096875 0.161111
0 0.759588 0.872131 0.092188 0.141667
0 0.309163 0.146536 0.091406 0.120833
0 0.292916 0.331779 0.112500 0.144444
0 0.565235 0.616732 0.096875 0.161111
0 0.759590 0.872132 0.092188 0.141667
0 0.309164 0.146536 0.091406 0.120833
0 0.292915 0.331779 0.112500 0.144444
0 0.565233 0.616736 0.096875 0.161111
0 0.759587 0.872131 0.092188 0.141667
0 0.309163 0.146537 0.091406 0.120833
0 0.292915 0.331779 0.112500 0.144444
0 0.565233 0.616730 0.096875 0.161111
0 0.759591 0.872132 0.092188 0.141667
0 0.309163 0.146536 0.091406 0.120833
0 0.875058 0.910979 0.115625 0.166667
0 0.481164 0.776302 0.087500 0.130556
0 0.627730 0.861804 0.082031 0.190278
0 0.297659 0.868310 0.070312 0.188889
0 0.481199 0.907156 0.060938 0.111111
0 0.378502 0.933255 0.085156 0.108333
0 0.163646 0.827735 0.122656 0.155556
0 0.370313 0.811111 0.068750 0.133333
