0 0.358426 0.450753 0.082813 0.109722
0 0.353212 0.581231 0.084375 0.129167
0 0.444676 0.510194 0.074219 0.125000
0 0.103761 0.597607 0.159375 0.105556
0 0.237612 0.618756 0.102344 0.091667
0 0.493834 0.446887 0.064062 0.138889
0 0.752271 0.594245 0.114063 0.108333
0 0.685264 0.668743 0.104687 0.136111
0 0.762268 0.181730 0.100781 0.177778
0 0.704819 0.333345 0.101562 0.122222
0 0.560941 0.393741 0.076563 0.101389
0 0.233376 0.529027 0.104687 0.108333
0 0.581447 0.497697 0.083594 0.091667
0 0.832428 0.425696 0.138281 0.137500
0 0.084176 0.193274 0.077344 0.109722
0 0.684936 0.459225 0.100781 0.120833
