0 0.582819 0.421549 0.070312 0.151389
0 0.661754 0.420355 0.072656 0.143056
0 0.601052 0.121978 0.084375 0.177778
0 0.923833 0.102750 0.097656 0.152778
0 0.907603 0.536672 0.109375 0.170833
0 0.897228 0.740224 0.105469 0.144444
0 0.974499 0.734748 0.049219 0.144444
0 0.521814 0.694455 0.078125 0.144444
0 0.162499 0.655943 0.135156 0.156944
0 0.186411 0.436029 0.078125 0.138889
0 0.096644 0.456084 0.091406 0.145833
0 0.160511 0.080745 0.104687 0.088889
0 0.127658 0.142902 0.062500 0.061111
0 0.263554 0.156478 0.055469 0.098611
0 0.115890 0.318068 0.080469 0.098611
0 0.254327 0.365427 0.144531 0.116667
0 0.048047 0.123611 0.096094 0.155556
0 0.260156 0.935417 0.137500 0.109722
