0 0.757728 0.195324 0.093750 0.155556
0 0.080812 0.200586 0.075000 0.093056
0 0.614066 0.429825 0.082813 0.109722
0 0.759738 0.677274 0.091406 0.122222
0 0.800887 0.372064 0.117188 0.136111
0 0.809646 0.492804 0.114063 0.105556
0 0.932484 0.462742 0.132031 0.091667
0 0.402309 0.577230 0.081250 0.111111
0 0.805822 0.600686 0.103125 0.109722
0 0.558211 0.508273 0.074219 0.102778
0 0.687018 0.519630 0.085938 0.104167
0 0.677106 0.387814 0.078906 0.123611
0 0.313999 0.517375 0.120312 0.095833
0 0.286296 0.632191 0.103125 0.065278
0 0.413672 0.447917 0.086719 0.095833
0 0.162500 0.600000 0.156250 0.119444
