0 0.754085 0.180814 0.093750 0.155556
0 0.080827 0.201080 0.075000 0.093056
0 0.800965 0.372238 0.117188 0.136111
0 0.808816 0.493369 0.114063 0.105556
0 0.932567 0.462737 0.132031 0.091667
0 0.803959 0.602319 0.103125 0.109722
0 0.683949 0.515990 0.085938 0.104167
0 0.676968 0.388468 0.078906 0.123611
0 0.162143 0.602885 0.156250 0.119444
0 0.730205 0.665116 0.123438 0.126389
0 0.614072 0.465407 0.084375 0.138889
0 0.402376 0.459674 0.085938 0.108333
0 0.300761 0.522958 0.087500 0.084722
0 0.522277 0.496536 0.072656 0.126389
0 0.394406 0.591520 0.074219 0.113889
