0 0.689901 0.172439 0.070312 0.163889
0 0.772978 0.190756 0.091406 0.130556
0 0.556698 0.450352 0.066406 0.144444
0 0.614725 0.424198 0.065625 0.126389
0 0.658057 0.582917 0.144531 0.112500
0 0.462931 0.513042 0.080469 0.120833
0 0.170705 0.445838 0.182031 0.116667
0 0.323994 0.440284 0.115625 0.119444
0 0.687839 0.465215 0.083594 0.105556
0 0.791722 0.397371 0.133594 0.105556
0 0.826869 0.566702 0.143750 0.144444
0 0.170229 0.571267 0.148438 0.122222
0 0.059766 0.612500 0.097656 0.144444
0 0.323047 0.534722 0.103906 0.113889
0 0.405078 0.636111 0.119531 0.155556
