0 0.584406 0.416785 0.084375 0.169444
0 0.671241 0.411209 0.079687 0.175000
0 0.908267 0.543150 0.100000 0.144444
0 0.523165 0.716615 0.074219 0.152778
0 0.143250 0.937290 0.142969 0.134722
0 0.976591 0.749199 0.045313 0.134722
0 0.594929 0.121842 0.086719 0.163889
0 0.164298 0.670700 0.118750 0.169444
0 0.133044 0.133641 0.061719 0.093056
0 0.042522 0.139924 0.076563 0.166667
0 0.919169 0.105893 0.084375 0.187500
0 0.882713 0.748753 0.089844 0.126389
0 0.140354 0.347011 0.124219 0.122222
0 0.189721 0.464957 0.096875 0.113889
0 0.434766 0.288194 0.082031 0.218056
0 0.033594 0.327778 0.062500 0.097222
0 0.096094 0.461111 0.087500 0.111111
0 0.341016 0.131250 0.094531 0.145833
0 0.269141 0.201389 0.063281 0.088889
