0 0.723899 0.513279 0.104687 0.150000
0 0.827072 0.515498 0.096875 0.112500
0 0.781614 0.409461 0.117969 0.097222
0 0.765269 0.186177 0.060938 0.150000
0 0.691639 0.186344 0.088281 0.187500
0 0.058297 0.485556 0.116406 0.126389
0 0.319780 0.535198 0.093750 0.095833
0 0.262223 0.407025 0.096094 0.163889
0 0.168327 0.434033 0.099219 0.145833
0 0.830007 0.198079 0.082031 0.131944
0 0.105917 0.611214 0.167187 0.101389
0 0.591016 0.392361 0.110156 0.148611
0 0.543750 0.540278 0.098438 0.127778
0 0.179297 0.688194 0.147656 0.131944
0 0.899219 0.381944 0.137500 0.147222
0 0.329297 0.381250 0.077344 0.145833
0 0.448438 0.359722 0.084375 0.141667
