0 0.564588 0.468243 0.075781 0.113889
0 0.660356 0.444173 0.065625 0.066667
0 0.652000 0.387244 0.088281 0.094444
0 0.720456 0.510932 0.096875 0.105556
0 0.751444 0.603868 0.110156 0.118056
0 0.696214 0.163378 0.076563 0.156944
0 0.449607 0.483121 0.064844 0.091667
0 0.761431 0.174534 0.050781 0.091667
0 0.108882 0.634948 0.130469 0.100000
0 0.625492 0.606464 0.081250 0.111111
0 0.477342 0.382356 0.093750 0.120833
0 0.375502 0.371524 0.082031 0.118056
0 0.808312 0.527798 0.083594 0.105556
0 0.907381 0.583241 0.106250 0.120833
0 0.312500 0.470139 0.096875 0.104167
0 0.180859 0.553472 0.142969 0.098611
