0 0.930030 0.106144 0.103125 0.159722
0 0.584424 0.416759 0.084375 0.169444
0 0.670396 0.411404 0.079687 0.175000
0 0.906840 0.542864 0.100000 0.144444
0 0.895227 0.749141 0.114063 0.190278
0 0.531580 0.702861 0.074219 0.152778
0 0.158189 0.927301 0.142969 0.134722
0 0.607788 0.128124 0.096094 0.188889
0 0.261967 0.401835 0.138281 0.140278
0 0.976632 0.749333 0.045313 0.134722
0 0.118150 0.128170 0.045313 0.065278
0 0.116758 0.319706 0.075000 0.106944
0 0.101841 0.464867 0.076563 0.119444
0 0.048849 0.125611 0.092188 0.120833
0 0.165951 0.643473 0.125781 0.173611
0 0.181583 0.462781 0.082813 0.143056
0 0.494322 0.187294 0.102344 0.198611
0 0.275582 0.190253 0.069531 0.125000
0 0.045313 0.320833 0.053125 0.094444
