0 0.750395 0.208176 0.089844 0.151389
0 0.501868 0.450094 0.074219 0.155556
0 0.458821 0.638242 0.105469 0.120833
0 0.589758 0.441859 0.090625 0.191667
0 0.683281 0.375648 0.102344 0.137500
0 0.852871 0.426456 0.108594 0.138889
0 0.761710 0.440940 0.067188 0.176389
0 0.289687 0.601694 0.125781 0.134722
0 0.115806 0.236206 0.078906 0.098611
0 0.885720 0.579030 0.127344 0.106944
0 0.356204 0.454189 0.081250 0.130556
0 0.249244 0.425701 0.120312 0.129167
0 0.422266 0.529167 0.105469 0.113889
0 0.133203 0.447917 0.110156 0.195833
