0 0.692148 0.425670 0.114063 0.115278
0 0.747394 0.208159 0.121875 0.154167
0 0.582612 0.456302 0.095312 0.140278
0 0.590561 0.629982 0.097656 0.143056
0 0.354141 0.546976 0.122656 0.127778
0 0.237424 0.499910 0.098438 0.136111
0 0.479665 0.472332 0.071875 0.155556
0 0.344870 0.425004 0.099219 0.111111
0 0.829746 0.491665 0.104687 0.133333
0 0.140687 0.442298 0.118750 0.143056
0 0.078294 0.575985 0.155469 0.123611
0 0.752447 0.656985 0.134375 0.144444
0 0.923125 0.413728 0.147656 0.122222
0 0.707031 0.541667 0.151562 0.108333
