0 0.689869 0.172413 0.070312 0.163889
0 0.773791 0.189109 0.091406 0.130556
0 0.556706 0.450361 0.066406 0.144444
0 0.614642 0.424246 0.065625 0.126389
0 0.462891 0.513066 0.080469 0.120833
0 0.170659 0.445753 0.182031 0.116667
0 0.323771 0.440007 0.115625 0.119444
0 0.687866 0.465235 0.083594 0.105556
0 0.791755 0.397497 0.133594 0.105556
0 0.161250 0.569132 0.148438 0.122222
0 0.405072 0.636141 0.119531 0.155556
0 0.836938 0.561174 0.153125 0.144444
0 0.653516 0.588889 0.103906 0.155556
0 0.288672 0.540972 0.108594 0.140278
