0 0.125973 0.050207 0.057031 0.100000
0 0.584732 0.407569 0.078125 0.156944
0 0.659560 0.416046 0.061719 0.168056
0 0.900046 0.553912 0.104687 0.144444
0 0.902389 0.742849 0.104687 0.170833
0 0.597832 0.120135 0.085938 0.177778
0 0.179645 0.651048 0.114063 0.173611
0 0.110029 0.487829 0.089844 0.123611
0 0.110857 0.322975 0.050781 0.137500
0 0.525883 0.715423 0.085938 0.163889
0 0.931995 0.114960 0.090625 0.154167
0 0.178684 0.463264 0.096094 0.138889
0 0.187639 0.331718 0.078125 0.111111
0 0.197873 0.128969 0.146094 0.162500
0 0.125630 0.902942 0.146094 0.148611
