0 0.564447 0.468312 0.075781 0.113889
0 0.660324 0.444316 0.065625 0.066667
0 0.652062 0.387276 0.088281 0.094444
0 0.720420 0.510922 0.096875 0.105556
0 0.751234 0.603531 0.110156 0.118056
0 0.480560 0.358016 0.090625 0.129167
0 0.695848 0.177234 0.076563 0.156944
0 0.442776 0.492864 0.064844 0.091667
0 0.760817 0.183533 0.050781 0.091667
0 0.385816 0.389494 0.065625 0.109722
0 0.109017 0.634932 0.130469 0.100000
0 0.205464 0.543760 0.129688 0.098611
0 0.323499 0.468650 0.093750 0.120833
0 0.816087 0.525001 0.086719 0.111111
0 0.628681 0.604698 0.081250 0.111111
0 0.916259 0.554110 0.117969 0.122222
