0 0.584684 0.407535 0.078125 0.156944
0 0.661135 0.416208 0.061719 0.168056
0 0.921608 0.097473 0.104687 0.155556
0 0.900929 0.553923 0.104687 0.144444
0 0.902500 0.743889 0.104687 0.170833
0 0.216470 0.063037 0.120312 0.123611
0 0.125801 0.050658 0.061719 0.100000
0 0.597869 0.116523 0.085938 0.177778
0 0.177547 0.649185 0.114063 0.173611
0 0.103348 0.304939 0.066406 0.147222
0 0.175726 0.324485 0.079687 0.118056
0 0.206132 0.458782 0.115625 0.118056
0 0.520107 0.736990 0.096094 0.145833
0 0.167433 0.894689 0.142969 0.206944
0 0.096309 0.442845 0.089844 0.123611
