0 0.584414 0.416716 0.084375 0.169444
0 0.671463 0.411296 0.079687 0.175000
0 0.907062 0.542955 0.100000 0.144444
0 0.523153 0.716647 0.074219 0.152778
0 0.149267 0.935182 0.142969 0.134722
0 0.976548 0.749204 0.045313 0.134722
0 0.269987 0.214917 0.069531 0.125000
0 0.596481 0.124538 0.086719 0.163889
0 0.163604 0.669195 0.118750 0.169444
0 0.133005 0.133528 0.061719 0.093056
0 0.043091 0.141445 0.076563 0.166667
0 0.918674 0.101362 0.084375 0.187500
0 0.047228 0.313668 0.059375 0.086111
0 0.883023 0.751214 0.089844 0.126389
0 0.441797 0.175000 0.083594 0.186111
0 0.140234 0.347222 0.124219 0.122222
0 0.195312 0.463889 0.096875 0.113889
0 0.096875 0.465972 0.092188 0.109722
0 0.341797 0.133333 0.086719 0.141667
