0 0.700596 0.180316 0.075781 0.154167
0 0.408914 0.467293 0.074219 0.134722
0 0.666046 0.474424 0.082031 0.134722
0 0.753590 0.377897 0.099219 0.083333
0 0.475758 0.488227 0.071875 0.115278
0 0.832352 0.600571 0.110156 0.104167
0 0.811293 0.506784 0.107031 0.102778
0 0.570518 0.483066 0.064062 0.095833
0 0.516792 0.407563 0.064844 0.101389
0 0.714447 0.568665 0.106250 0.104167
0 0.796292 0.170397 0.060938 0.108333
0 0.350233 0.625434 0.090625 0.156944
0 0.321957 0.511659 0.087500 0.095833
0 0.243750 0.417361 0.131250 0.120833
0 0.168750 0.506944 0.137500 0.105556
0 0.729688 0.443750 0.062500 0.070833
0 0.565625 0.340972 0.078125 0.134722
