0 0.584703 0.407592 0.078125 0.156944
0 0.661013 0.416157 0.061719 0.168056
0 0.925804 0.140431 0.104687 0.155556
0 0.900971 0.553810 0.104687 0.144444
0 0.902703 0.744483 0.104687 0.170833
0 0.216435 0.063222 0.120312 0.123611
0 0.597617 0.117882 0.085938 0.177778
0 0.178185 0.649776 0.114063 0.173611
0 0.174074 0.323988 0.079687 0.118056
0 0.209015 0.465898 0.115625 0.118056
0 0.519739 0.736711 0.096094 0.145833
0 0.099093 0.452579 0.089844 0.123611
0 0.114113 0.313922 0.050781 0.137500
0 0.155859 0.872917 0.141406 0.184722
