0 0.413464 0.384934 0.067188 0.116667
0 0.564542 0.468248 0.075781 0.113889
0 0.660360 0.444334 0.065625 0.066667
0 0.651947 0.387230 0.088281 0.094444
0 0.720401 0.511069 0.096875 0.105556
0 0.237922 0.511948 0.121094 0.120833
0 0.647241 0.600333 0.096875 0.116667
0 0.778349 0.172969 0.096094 0.095833
0 0.922418 0.578899 0.113281 0.129167
0 0.751269 0.603795 0.110156 0.118056
0 0.815299 0.527204 0.083594 0.120833
0 0.191646 0.656438 0.118750 0.119444
0 0.480515 0.357813 0.090625 0.129167
0 0.084464 0.601954 0.110156 0.105556
0 0.692430 0.180881 0.076563 0.156944
0 0.336718 0.491783 0.093750 0.122222
0 0.454523 0.474843 0.057031 0.108333
