0 0.691091 0.336503 0.107031 0.133333
0 0.779224 0.331009 0.060938 0.125000
0 0.695485 0.470560 0.098438 0.115278
0 0.157484 0.358016 0.119531 0.108333
0 0.361075 0.583095 0.110937 0.116667
0 0.513532 0.446239 0.086719 0.137500
0 0.501701 0.608037 0.087500 0.154167
0 0.691091 0.336502 0.107031 0.133333
0 0.779224 0.331011 0.060938 0.125000
0 0.695484 0.470561 0.098438 0.115278
0 0.157481 0.358013 0.119531 0.108333
0 0.361076 0.583095 0.110937 0.116667
0 0.513532 0.446239 0.086719 0.137500
0 0.501702 0.608037 0.087500 0.154167
0 0.140328 0.426363 0.149219 0.086111
0 0.411029 0.398559 0.084375 0.136111
0 0.050870 0.345750 0.093750 0.108333
0 0.276172 0.430556 0.108594 0.130556
