0 0.584634 0.416272 0.084375 0.169444
0 0.673662 0.411263 0.079687 0.175000
0 0.902848 0.542204 0.100000 0.144444
0 0.523266 0.716645 0.074219 0.152778
0 0.976988 0.749348 0.045313 0.134722
0 0.594425 0.124430 0.086719 0.163889
0 0.133257 0.133427 0.061719 0.093056
0 0.054879 0.183345 0.076563 0.166667
0 0.881113 0.744275 0.089844 0.126389
0 0.121648 0.332416 0.124219 0.122222
0 0.088379 0.465208 0.087500 0.111111
0 0.173321 0.658626 0.114844 0.163889
0 0.047872 0.328218 0.056250 0.137500
0 0.922378 0.104392 0.100000 0.162500
0 0.180988 0.464093 0.100781 0.125000
0 0.552797 0.213288 0.106250 0.125000
0 0.392969 0.343056 0.106250 0.161111
0 0.315625 0.387500 0.059375 0.111111
0 0.125781 0.943750 0.181250 0.109722
