0 0.754351 0.201671 0.094531 0.166667
0 0.725747 0.500699 0.123438 0.168056
0 0.841706 0.443064 0.146094 0.119444
0 0.833374 0.598053 0.127344 0.122222
0 0.147160 0.476307 0.130469 0.105556
0 0.158976 0.600427 0.154687 0.097222
0 0.602579 0.507586 0.083594 0.097222
0 0.346103 0.453531 0.081250 0.140278
0 0.252788 0.419347 0.108594 0.116667
0 0.954170 0.395240 0.082031 0.104167
0 0.947316 0.662753 0.107031 0.136111
0 0.432014 0.452808 0.093750 0.163889
0 0.558191 0.411155 0.078906 0.111111
0 0.281250 0.581250 0.112500 0.126389
