0 0.584467 0.416589 0.084375 0.169444
0 0.677157 0.411600 0.079687 0.175000
0 0.901577 0.542018 0.100000 0.144444
0 0.523190 0.716701 0.074219 0.152778
0 0.976855 0.749324 0.045313 0.134722
0 0.595213 0.123090 0.086719 0.163889
0 0.133481 0.133531 0.061719 0.093056
0 0.043281 0.141040 0.076563 0.166667
0 0.882996 0.751113 0.089844 0.126389
0 0.140283 0.347296 0.124219 0.122222
0 0.188983 0.463955 0.096875 0.113889
0 0.039848 0.331480 0.062500 0.097222
0 0.099386 0.457742 0.087500 0.111111
0 0.283736 0.177603 0.063281 0.088889
0 0.172043 0.666982 0.114844 0.163889
0 0.301172 0.892361 0.121094 0.206944
0 0.155859 0.936111 0.133594 0.125000
0 0.371484 0.230556 0.092969 0.188889
0 0.994141 0.209722 0.002344 0.002778
0 0.916797 0.122917 0.110156 0.170833
