0 0.584729 0.407680 0.078125 0.156944
0 0.659151 0.415606 0.061719 0.168056
0 0.900185 0.553930 0.104687 0.144444
0 0.901929 0.741824 0.104687 0.170833
0 0.597776 0.119879 0.085938 0.177778
0 0.178393 0.650673 0.114063 0.173611
0 0.110373 0.487883 0.089844 0.123611
0 0.091619 0.324453 0.050781 0.137500
0 0.525937 0.715409 0.085938 0.163889
0 0.928935 0.114893 0.090625 0.154167
0 0.206357 0.497120 0.096094 0.138889
0 0.186488 0.331667 0.078125 0.111111
0 0.173292 0.143408 0.119531 0.152778
0 0.108594 0.837500 0.179688 0.133333
