0 0.584721 0.407356 0.078125 0.156944
0 0.661273 0.415985 0.061719 0.168056
0 0.923379 0.140115 0.104687 0.155556
0 0.900955 0.553859 0.104687 0.144444
0 0.902273 0.742548 0.104687 0.170833
0 0.216470 0.063040 0.120312 0.123611
0 0.597830 0.116654 0.085938 0.177778
0 0.177917 0.649445 0.114063 0.173611
0 0.176136 0.324238 0.079687 0.118056
0 0.206156 0.460622 0.115625 0.118056
0 0.519961 0.736382 0.096094 0.145833
0 0.096215 0.447362 0.089844 0.123611
0 0.165220 0.855749 0.143750 0.177778
0 0.107070 0.310623 0.059375 0.145833
