0 0.757022 0.195881 0.093750 0.155556
0 0.080465 0.200564 0.075000 0.093056
0 0.216164 0.467469 0.128125 0.106944
0 0.139424 0.520949 0.066406 0.086111
0 0.070092 0.629210 0.136719 0.090278
0 0.243131 0.600754 0.104687 0.123611
0 0.367706 0.607259 0.097656 0.087500
0 0.371910 0.520805 0.087500 0.105556
0 0.475836 0.457586 0.078125 0.090278
0 0.462848 0.580650 0.071875 0.113889
0 0.569574 0.524213 0.071875 0.095833
0 0.614019 0.429939 0.082813 0.109722
0 0.701134 0.425751 0.082031 0.104167
0 0.687280 0.524790 0.085938 0.109722
0 0.806313 0.379101 0.107813 0.116667
0 0.822681 0.509336 0.111719 0.111111
0 0.817749 0.628063 0.110156 0.098611
0 0.757700 0.673106 0.104687 0.118056
