0 0.757110 0.195863 0.093750 0.155556
0 0.080371 0.200366 0.075000 0.093056
0 0.372361 0.616425 0.097656 0.087500
0 0.371703 0.520689 0.087500 0.105556
0 0.476005 0.457531 0.078125 0.090278
0 0.567700 0.511904 0.071875 0.095833
0 0.613998 0.429881 0.082813 0.109722
0 0.701043 0.425803 0.082031 0.104167
0 0.755218 0.663452 0.091406 0.122222
0 0.800777 0.372178 0.117188 0.136111
0 0.163206 0.600167 0.138281 0.098611
0 0.809646 0.496073 0.114063 0.105556
0 0.932457 0.462582 0.132031 0.091667
0 0.703625 0.542757 0.085156 0.094444
0 0.461727 0.583226 0.081250 0.111111
0 0.806895 0.610579 0.103125 0.109722
