0 0.754318 0.201700 0.094531 0.166667
0 0.417602 0.457614 0.067969 0.137500
0 0.142943 0.472947 0.115625 0.087500
0 0.785581 0.455583 0.124219 0.155556
0 0.903573 0.420115 0.128906 0.134722
0 0.647654 0.481351 0.095312 0.168056
0 0.329293 0.456969 0.080469 0.141667
0 0.237916 0.421603 0.116406 0.118056
0 0.498144 0.474171 0.103125 0.129167
0 0.521900 0.422902 0.068750 0.104167
0 0.739434 0.606861 0.138281 0.152778
0 0.152271 0.572850 0.138281 0.100000
0 0.281306 0.584674 0.113281 0.137500
0 0.906250 0.658333 0.171875 0.175000
