0 0.689836 0.172160 0.070312 0.163889
0 0.751709 0.172878 0.092188 0.134722
0 0.237125 0.436634 0.119531 0.148611
0 0.562928 0.502894 0.067969 0.127778
0 0.560490 0.627014 0.085938 0.130556
0 0.629116 0.685952 0.080469 0.147222
0 0.900770 0.562466 0.136719 0.156944
0 0.650746 0.521426 0.132812 0.120833
0 0.750090 0.477724 0.092188 0.161111
0 0.282923 0.476174 0.107813 0.119444
0 0.440207 0.645393 0.092188 0.130556
0 0.379541 0.496005 0.070312 0.122222
0 0.460005 0.499219 0.081250 0.145833
0 0.238408 0.568884 0.146875 0.126389
