0 0.686149 0.174884 0.076563 0.205556
0 0.783913 0.173155 0.076563 0.175000
0 0.438528 0.407686 0.065625 0.141667
0 0.573052 0.368115 0.082031 0.155556
0 0.495978 0.388988 0.065625 0.140278
0 0.693771 0.366612 0.109375 0.136111
0 0.789421 0.440416 0.103906 0.138889
0 0.677011 0.517733 0.119531 0.129167
0 0.130466 0.518104 0.140625 0.105556
0 0.145688 0.650016 0.137500 0.119444
0 0.544841 0.506895 0.080469 0.115278
0 0.931596 0.411579 0.132031 0.087500
0 0.216016 0.502778 0.125781 0.125000
0 0.347656 0.467361 0.110937 0.126389
