0 0.750444 0.208074 0.089844 0.151389
0 0.374260 0.444212 0.082813 0.158333
0 0.443816 0.520033 0.090625 0.101389
0 0.501915 0.449946 0.074219 0.155556
0 0.458214 0.638260 0.105469 0.120833
0 0.589845 0.441650 0.090625 0.191667
0 0.683200 0.375495 0.102344 0.137500
0 0.852832 0.426276 0.108594 0.138889
0 0.761684 0.440885 0.067188 0.176389
0 0.039470 0.204452 0.071094 0.150000
0 0.288369 0.600729 0.125781 0.134722
0 0.115782 0.236322 0.078906 0.098611
0 0.135708 0.403277 0.136719 0.165278
0 0.257787 0.428203 0.129688 0.150000
0 0.889453 0.585417 0.127344 0.106944
