0 0.292903 0.331747 0.112500 0.144444
0 0.565257 0.616805 0.096875 0.161111
0 0.307828 0.146507 0.091406 0.120833
0 0.292904 0.331747 0.112500 0.144444
0 0.565259 0.616804 0.096875 0.161111
0 0.307830 0.146506 0.091406 0.120833
0 0.292904 0.331747 0.112500 0.144444
0 0.565257 0.616805 0.096875 0.161111
0 0.307828 0.146507 0.091406 0.120833
0 0.292904 0.331747 0.112500 0.144444
0 0.565258 0.616798 0.096875 0.161111
0 0.307828 0.146506 0.091406 0.120833
0 0.875193 0.911081 0.115625 0.166667
0 0.481189 0.776435 0.087500 0.130556
0 0.297672 0.868378 0.070312 0.188889
0 0.378599 0.933430 0.085156 0.108333
0 0.636356 0.835442 0.080469 0.181944
0 0.747289 0.867834 0.100781 0.144444
0 0.368750 0.811111 0.067188 0.133333
0 0.158984 0.842361 0.122656 0.151389
0 0.485156 0.913194 0.056250 0.118056
