0 0.584412 0.416764 0.084375 0.169444
0 0.671398 0.411283 0.079687 0.175000
0 0.907212 0.542786 0.100000 0.144444
0 0.523138 0.716635 0.074219 0.152778
0 0.151577 0.933455 0.142969 0.134722
0 0.976539 0.749252 0.045313 0.134722
0 0.115741 0.320382 0.075000 0.106944
0 0.101605 0.465004 0.076563 0.119444
0 0.270409 0.207086 0.069531 0.125000
0 0.596689 0.121185 0.086719 0.163889
0 0.162773 0.665808 0.118750 0.169444
0 0.341579 0.130860 0.110937 0.179167
0 0.226372 0.358468 0.135156 0.126389
0 0.133242 0.133636 0.061719 0.093056
0 0.186910 0.454772 0.103906 0.131944
0 0.043645 0.143419 0.076563 0.166667
0 0.918561 0.102597 0.084375 0.187500
0 0.048640 0.313774 0.059375 0.086111
0 0.883257 0.753588 0.089844 0.126389
