0 0.750395 0.208169 0.089844 0.151389
0 0.501918 0.449949 0.074219 0.155556
0 0.458721 0.638315 0.105469 0.120833
0 0.589798 0.441628 0.090625 0.191667
0 0.683170 0.375708 0.102344 0.137500
0 0.852856 0.426276 0.108594 0.138889
0 0.761708 0.440932 0.067188 0.176389
0 0.288353 0.602793 0.125781 0.134722
0 0.116313 0.235797 0.078906 0.098611
0 0.887333 0.580742 0.127344 0.106944
0 0.356207 0.454329 0.081250 0.130556
0 0.249148 0.425759 0.120312 0.129167
0 0.422136 0.529122 0.105469 0.113889
0 0.133977 0.403684 0.111719 0.162500
