0 0.584862 0.407081 0.078125 0.156944
0 0.670823 0.415545 0.061719 0.168056
0 0.598643 0.121038 0.085938 0.177778
0 0.165786 0.650030 0.114063 0.173611
0 0.525914 0.715470 0.085938 0.163889
0 0.929246 0.116749 0.090625 0.154167
0 0.970921 0.751538 0.064062 0.155556
0 0.907990 0.553243 0.110937 0.125000
0 0.100511 0.913932 0.132031 0.169444
0 0.147287 0.107690 0.050781 0.098611
0 0.087713 0.449960 0.075781 0.129167
0 0.183015 0.445117 0.096094 0.109722
0 0.119415 0.324475 0.045313 0.076389
0 0.157836 0.335797 0.042188 0.100000
0 0.326578 0.351650 0.065625 0.111111
0 0.929220 0.852758 0.126563 0.150000
0 0.234250 0.348433 0.125000 0.131944
0 0.055435 0.085505 0.104687 0.120833
