0 0.292913 0.331679 0.112500 0.144444
0 0.565422 0.617061 0.096875 0.161111
0 0.307147 0.146701 0.091406 0.120833
0 0.292913 0.331679 0.112500 0.144444
0 0.565426 0.617054 0.096875 0.161111
0 0.307149 0.146700 0.091406 0.120833
0 0.292913 0.331679 0.112500 0.144444
0 0.565422 0.617061 0.096875 0.161111
0 0.307148 0.146702 0.091406 0.120833
0 0.292913 0.331679 0.112500 0.144444
0 0.565423 0.617053 0.096875 0.161111
0 0.307148 0.146701 0.091406 0.120833
0 0.875468 0.912730 0.115625 0.166667
0 0.378507 0.933272 0.085156 0.108333
0 0.636334 0.835304 0.080469 0.181944
0 0.747313 0.868357 0.100781 0.144444
0 0.485086 0.913118 0.056250 0.118056
0 0.291532 0.852883 0.082813 0.163889
0 0.492798 0.786994 0.082813 0.141667
0 0.136302 0.852125 0.152344 0.118056
0 0.369141 0.810417 0.067969 0.140278
