0 0.757140 0.195506 0.093750 0.155556
0 0.080735 0.201345 0.075000 0.093056
0 0.372312 0.616395 0.097656 0.087500
0 0.371670 0.520543 0.087500 0.105556
0 0.475941 0.457538 0.078125 0.090278
0 0.613964 0.429809 0.082813 0.109722
0 0.754825 0.663863 0.091406 0.122222
0 0.800928 0.372099 0.117188 0.136111
0 0.807453 0.497635 0.114063 0.105556
0 0.932442 0.462662 0.132031 0.091667
0 0.467086 0.582576 0.081250 0.111111
0 0.810701 0.610967 0.103125 0.109722
0 0.558242 0.508206 0.074219 0.102778
0 0.176182 0.595841 0.169531 0.102778
0 0.687631 0.521716 0.085938 0.104167
0 0.676882 0.388402 0.078906 0.123611
