0 0.691046 0.336439 0.107031 0.133333
0 0.779311 0.330762 0.060938 0.125000
0 0.692852 0.474645 0.098438 0.115278
0 0.157335 0.358020 0.119531 0.108333
0 0.362298 0.552494 0.110937 0.116667
0 0.513622 0.446230 0.086719 0.137500
0 0.279279 0.393580 0.100781 0.145833
0 0.501361 0.605076 0.087500 0.154167
0 0.691046 0.336439 0.107031 0.133333
0 0.779311 0.330764 0.060938 0.125000
0 0.692851 0.474646 0.098438 0.115278
0 0.157331 0.358019 0.119531 0.108333
0 0.362299 0.552491 0.110937 0.116667
0 0.513622 0.446230 0.086719 0.137500
0 0.279280 0.393578 0.100781 0.145833
0 0.501362 0.605076 0.087500 0.154167
0 0.402272 0.386020 0.118750 0.133333
0 0.051252 0.360770 0.092969 0.123611
0 0.143830 0.430306 0.149219 0.086111
