0 0.701691 0.180520 0.075781 0.154167
0 0.408542 0.466858 0.074219 0.134722
0 0.666131 0.474402 0.082031 0.134722
0 0.753689 0.377984 0.099219 0.083333
0 0.475758 0.488266 0.071875 0.115278
0 0.832351 0.600875 0.110156 0.104167
0 0.811381 0.507155 0.107031 0.102778
0 0.796175 0.170746 0.060938 0.108333
0 0.349954 0.625504 0.090625 0.156944
0 0.729699 0.443717 0.062500 0.070833
0 0.717314 0.582655 0.118750 0.106944
0 0.572144 0.485503 0.056250 0.093056
0 0.230091 0.437563 0.144531 0.125000
0 0.087909 0.526429 0.149219 0.116667
0 0.314789 0.518183 0.082813 0.091667
0 0.511696 0.410541 0.068750 0.101389
0 0.579687 0.381250 0.096875 0.115278
