0 0.696508 0.200035 0.075781 0.154167
0 0.413583 0.384997 0.067188 0.116667
0 0.564416 0.468052 0.075781 0.113889
0 0.660262 0.444294 0.065625 0.066667
0 0.652032 0.387397 0.088281 0.094444
0 0.749153 0.613406 0.101562 0.104167
0 0.814056 0.482492 0.085938 0.129167
0 0.720374 0.510988 0.096875 0.105556
0 0.475027 0.354027 0.084375 0.119444
0 0.466097 0.461798 0.076563 0.109722
0 0.906418 0.585822 0.123438 0.137500
0 0.638687 0.596567 0.100781 0.125000
0 0.175468 0.654480 0.144531 0.104167
0 0.249995 0.504750 0.140625 0.118056
0 0.118662 0.575574 0.107813 0.086111
0 0.372647 0.476372 0.093750 0.113889
0 0.775368 0.156045 0.078125 0.095833
