0 0.703637 0.181459 0.075781 0.154167
0 0.408632 0.466964 0.074219 0.134722
0 0.666067 0.474549 0.082031 0.134722
0 0.753623 0.377915 0.099219 0.083333
0 0.475724 0.488459 0.071875 0.115278
0 0.832356 0.601003 0.110156 0.104167
0 0.811311 0.506672 0.107031 0.102778
0 0.796043 0.170727 0.060938 0.108333
0 0.350138 0.625620 0.090625 0.156944
0 0.729692 0.443736 0.062500 0.070833
0 0.719287 0.585820 0.118750 0.106944
0 0.573035 0.485011 0.056250 0.093056
0 0.230098 0.437914 0.144531 0.125000
0 0.086783 0.526151 0.149219 0.116667
0 0.314812 0.517987 0.082813 0.091667
0 0.511771 0.410419 0.068750 0.101389
0 0.579683 0.381073 0.096875 0.115278
