0 0.691011 0.336093 0.107031 0.133333
0 0.696613 0.471460 0.098438 0.115278
0 0.157501 0.357976 0.119531 0.108333
0 0.513709 0.446074 0.086719 0.137500
0 0.500719 0.613512 0.087500 0.154167
0 0.691010 0.336092 0.107031 0.133333
0 0.696611 0.471461 0.098438 0.115278
0 0.157496 0.357976 0.119531 0.108333
0 0.513710 0.446076 0.086719 0.137500
0 0.499312 0.614373 0.087500 0.154167
0 0.141609 0.431914 0.149219 0.086111
0 0.411038 0.398504 0.084375 0.136111
0 0.359513 0.560506 0.100000 0.119444
0 0.786990 0.293156 0.078906 0.113889
0 0.263988 0.429851 0.118750 0.126389
0 0.049219 0.320833 0.087500 0.116667
