0 0.110784 0.333528 0.062500 0.126389
0 0.584509 0.407273 0.078125 0.156944
0 0.662924 0.416171 0.061719 0.168056
0 0.588399 0.117410 0.096875 0.163889
0 0.918138 0.109730 0.104687 0.155556
0 0.901889 0.553980 0.104687 0.144444
0 0.903843 0.746117 0.104687 0.170833
0 0.188636 0.468163 0.088281 0.108333
0 0.107409 0.462706 0.087500 0.120833
0 0.216785 0.062941 0.120312 0.123611
0 0.124728 0.051077 0.061719 0.100000
0 0.226613 0.927290 0.115625 0.143056
0 0.179456 0.329770 0.081250 0.104167
0 0.175205 0.659371 0.119531 0.195833
