0 0.694957 0.201423 0.075781 0.154167
0 0.774492 0.203565 0.079687 0.105556
0 0.413541 0.385034 0.067188 0.116667
0 0.371699 0.460275 0.085938 0.111111
0 0.564618 0.468062 0.075781 0.113889
0 0.660260 0.444388 0.065625 0.066667
0 0.652015 0.387285 0.088281 0.094444
0 0.749257 0.612852 0.101562 0.104167
0 0.814097 0.482562 0.085938 0.129167
0 0.720367 0.511093 0.096875 0.105556
0 0.474974 0.354026 0.084375 0.119444
0 0.460567 0.474049 0.076563 0.109722
0 0.905913 0.588275 0.123438 0.137500
0 0.244489 0.479875 0.129688 0.126389
0 0.641222 0.598085 0.100781 0.125000
0 0.120703 0.560417 0.099219 0.090278
0 0.184375 0.656250 0.146875 0.087500
