0 0.755156 0.199989 0.094531 0.166667
0 0.417610 0.457546 0.067969 0.137500
0 0.142991 0.473099 0.115625 0.087500
0 0.785589 0.455572 0.124219 0.155556
0 0.903516 0.420094 0.128906 0.134722
0 0.647629 0.481425 0.095312 0.168056
0 0.329189 0.457019 0.080469 0.141667
0 0.237971 0.421487 0.116406 0.118056
0 0.504229 0.520603 0.103125 0.129167
0 0.521944 0.423003 0.068750 0.104167
0 0.725873 0.566100 0.138281 0.152778
0 0.152702 0.570716 0.138281 0.100000
0 0.280337 0.584132 0.113281 0.137500
0 0.905635 0.657061 0.171875 0.175000
