0 0.761928 0.180045 0.093750 0.155556
0 0.741385 0.363963 0.135937 0.122222
0 0.866048 0.465936 0.111719 0.123611
0 0.739137 0.460312 0.105469 0.111111
0 0.590430 0.476257 0.099219 0.088889
0 0.358454 0.450896 0.082813 0.109722
0 0.352456 0.580948 0.084375 0.129167
0 0.454287 0.522265 0.074219 0.125000
0 0.104103 0.597197 0.159375 0.105556
0 0.514178 0.431060 0.073437 0.140278
0 0.588978 0.406270 0.068750 0.106944
0 0.681801 0.663449 0.109375 0.137500
0 0.746929 0.595106 0.100781 0.104167
0 0.237776 0.618879 0.102344 0.091667
0 0.242950 0.525033 0.121875 0.086111
0 0.070422 0.190702 0.078906 0.094444
