0 0.691088 0.336461 0.107031 0.133333
0 0.779345 0.330582 0.060938 0.125000
0 0.693731 0.472703 0.098438 0.115278
0 0.157535 0.357949 0.119531 0.108333
0 0.362242 0.551835 0.110937 0.116667
0 0.513516 0.446255 0.086719 0.137500
0 0.279254 0.393611 0.100781 0.145833
0 0.501810 0.608302 0.087500 0.154167
0 0.691088 0.336460 0.107031 0.133333
0 0.779345 0.330584 0.060938 0.125000
0 0.693731 0.472704 0.098438 0.115278
0 0.157532 0.357947 0.119531 0.108333
0 0.362242 0.551832 0.110937 0.116667
0 0.513517 0.446255 0.086719 0.137500
0 0.279254 0.393608 0.100781 0.145833
0 0.501811 0.608301 0.087500 0.154167
0 0.051209 0.360473 0.092969 0.123611
0 0.131801 0.424898 0.149219 0.086111
0 0.410979 0.398634 0.084375 0.136111
