0 0.125962 0.050323 0.057031 0.100000
0 0.584771 0.407549 0.078125 0.156944
0 0.659550 0.416156 0.061719 0.168056
0 0.899223 0.553730 0.104687 0.144444
0 0.902488 0.742621 0.104687 0.170833
0 0.597721 0.120016 0.085938 0.177778
0 0.180150 0.651648 0.114063 0.173611
0 0.089982 0.458235 0.089844 0.123611
0 0.107397 0.322883 0.050781 0.137500
0 0.525868 0.715434 0.085938 0.163889
0 0.929671 0.115037 0.090625 0.154167
0 0.178723 0.462228 0.096094 0.138889
0 0.184239 0.331786 0.078125 0.111111
0 0.198662 0.129714 0.146094 0.162500
0 0.124609 0.907639 0.146094 0.148611
