0 0.757029 0.195869 0.093750 0.155556
0 0.080457 0.200613 0.075000 0.093056
0 0.216172 0.467478 0.128125 0.106944
0 0.139383 0.521594 0.066406 0.086111
0 0.069967 0.629124 0.136719 0.090278
0 0.243651 0.600054 0.104687 0.123611
0 0.367745 0.607286 0.097656 0.087500
0 0.371834 0.520765 0.087500 0.105556
0 0.475781 0.457679 0.078125 0.090278
0 0.463901 0.581559 0.071875 0.113889
0 0.569488 0.524204 0.071875 0.095833
0 0.614043 0.429916 0.082813 0.109722
0 0.701118 0.425795 0.082031 0.104167
0 0.691762 0.537951 0.085938 0.109722
0 0.806299 0.379020 0.107813 0.116667
0 0.828867 0.474666 0.111719 0.111111
0 0.824403 0.616484 0.110156 0.098611
0 0.755859 0.676389 0.091406 0.122222
0 0.923047 0.428472 0.107031 0.112500
