0 0.691069 0.336487 0.107031 0.133333
0 0.685955 0.483397 0.098438 0.115278
0 0.691070 0.336487 0.107031 0.133333
0 0.685953 0.483398 0.098438 0.115278
0 0.786904 0.293127 0.078906 0.113889
0 0.257727 0.419331 0.120312 0.127778
0 0.383725 0.463089 0.092188 0.123611
0 0.099490 0.327580 0.147656 0.133333
0 0.482151 0.588664 0.098438 0.154167
0 0.506596 0.415525 0.063281 0.130556
0 0.118735 0.471663 0.154687 0.134722
0 0.355471 0.551974 0.104687 0.104167
0 0.395703 0.687500 0.078906 0.166667
0 0.291016 0.805556 0.121094 0.152778
