0 0.689775 0.172251 0.070312 0.163889
0 0.642547 0.496580 0.089844 0.123611
0 0.541301 0.509008 0.082813 0.145833
0 0.770888 0.172263 0.092188 0.134722
0 0.743400 0.483922 0.125781 0.168056
0 0.628913 0.605525 0.084375 0.129167
0 0.732029 0.666830 0.113281 0.137500
0 0.840940 0.561717 0.100781 0.108333
0 0.440996 0.521814 0.071094 0.144444
0 0.483293 0.599859 0.074219 0.105556
0 0.336628 0.489960 0.084375 0.119444
0 0.134826 0.571381 0.142188 0.143056
0 0.237114 0.435383 0.119531 0.148611
0 0.129297 0.424306 0.091406 0.095833
0 0.284375 0.589583 0.114063 0.123611
