0 0.756867 0.194835 0.093750 0.155556
0 0.080780 0.200655 0.075000 0.093056
0 0.347356 0.627134 0.097656 0.087500
0 0.614014 0.429866 0.082813 0.109722
0 0.759103 0.675980 0.091406 0.122222
0 0.800951 0.372236 0.117188 0.136111
0 0.807959 0.494951 0.114063 0.105556
0 0.932487 0.462584 0.132031 0.091667
0 0.456023 0.589726 0.081250 0.111111
0 0.829251 0.607931 0.103125 0.109722
0 0.558257 0.508261 0.074219 0.102778
0 0.183138 0.592721 0.169531 0.102778
0 0.688020 0.519639 0.085938 0.104167
0 0.676953 0.388419 0.078906 0.123611
0 0.451562 0.455556 0.075000 0.105556
0 0.339063 0.525000 0.117188 0.100000
