0 0.584694 0.407465 0.078125 0.156944
0 0.661133 0.416234 0.061719 0.168056
0 0.929297 0.133929 0.104687 0.155556
0 0.900935 0.553900 0.104687 0.144444
0 0.902485 0.743539 0.104687 0.170833
0 0.216466 0.063101 0.120312 0.123611
0 0.597889 0.116708 0.085938 0.177778
0 0.178298 0.650388 0.114063 0.173611
0 0.121228 0.305930 0.066406 0.147222
0 0.175321 0.324264 0.079687 0.118056
0 0.205671 0.457618 0.115625 0.118056
0 0.519941 0.736977 0.096094 0.145833
0 0.097324 0.443039 0.089844 0.123611
0 0.164844 0.856944 0.143750 0.177778
