0 0.292935 0.331894 0.112500 0.144444
0 0.565280 0.616664 0.096875 0.161111
0 0.759463 0.872360 0.092188 0.141667
0 0.307988 0.140832 0.091406 0.120833
0 0.168476 0.870267 0.110156 0.148611
0 0.292936 0.331894 0.112500 0.144444
0 0.565282 0.616660 0.096875 0.161111
0 0.759465 0.872362 0.092188 0.141667
0 0.307990 0.140831 0.091406 0.120833
0 0.168477 0.870267 0.110156 0.148611
0 0.289432 0.866609 0.066406 0.161111
0 0.292935 0.331895 0.112500 0.144444
0 0.565282 0.616660 0.096875 0.161111
0 0.759462 0.872361 0.092188 0.141667
0 0.307989 0.140832 0.091406 0.120833
0 0.168476 0.870266 0.110156 0.148611
0 0.292935 0.331895 0.112500 0.144444
0 0.565281 0.616659 0.096875 0.161111
0 0.759465 0.872361 0.092188 0.141667
0 0.307988 0.140831 0.091406 0.120833
0 0.168475 0.870268 0.110156 0.148611
0 0.289432 0.866608 0.066406 0.161111
0 0.387460 0.928424 0.106250 0.087500
0 0.875237 0.911203 0.115625 0.166667
0 0.364844 0.811111 0.076563 0.144444
0 0.489062 0.793056 0.087500 0.130556
0 0.486328 0.920139 0.063281 0.109722
0 0.633594 0.895833 0.092188 0.172222
