0 0.584788 0.407606 0.078125 0.156944
0 0.594250 0.133360 0.085938 0.177778
0 0.160278 0.658634 0.114063 0.173611
0 0.526017 0.715463 0.085938 0.163889
0 0.918159 0.116440 0.090625 0.154167
0 0.971012 0.751687 0.064062 0.155556
0 0.908580 0.553519 0.110937 0.125000
0 0.085772 0.452171 0.075781 0.129167
0 0.120984 0.321674 0.043750 0.100000
0 0.897967 0.730651 0.082813 0.126389
0 0.253816 0.367216 0.120312 0.112500
0 0.172670 0.319447 0.046094 0.097222
0 0.192356 0.460997 0.088281 0.113889
0 0.653317 0.421300 0.057031 0.112500
0 0.060471 0.102763 0.117969 0.137500
0 0.177734 0.100694 0.091406 0.168056
0 0.281641 0.154167 0.078906 0.119444
