0 0.757449 0.189730 0.082813 0.147222
0 0.680246 0.416123 0.075781 0.100000
0 0.921891 0.427772 0.143750 0.141667
0 0.343379 0.441561 0.097656 0.113889
0 0.868280 0.601282 0.157031 0.116667
0 0.794920 0.439546 0.108594 0.140278
0 0.436617 0.436876 0.093750 0.143056
0 0.262157 0.553544 0.138281 0.104167
0 0.090643 0.584617 0.140625 0.122222
0 0.139838 0.485369 0.107813 0.109722
0 0.237902 0.456231 0.103906 0.101389
0 0.525389 0.433391 0.064844 0.188889
0 0.666752 0.501947 0.157813 0.105556
0 0.403906 0.576389 0.114063 0.130556
