0 0.692145 0.425646 0.114063 0.115278
0 0.747978 0.206903 0.121875 0.154167
0 0.582600 0.456345 0.095312 0.140278
0 0.591161 0.631986 0.097656 0.143056
0 0.354219 0.546387 0.122656 0.127778
0 0.237450 0.499992 0.098438 0.136111
0 0.479708 0.472270 0.071875 0.155556
0 0.344876 0.424937 0.099219 0.111111
0 0.829668 0.491687 0.104687 0.133333
0 0.140534 0.442435 0.118750 0.143056
0 0.751092 0.650184 0.134375 0.144444
0 0.923024 0.413855 0.147656 0.122222
0 0.722615 0.547293 0.135937 0.102778
0 0.088281 0.590972 0.159375 0.120833
