0 0.761457 0.203089 0.082813 0.147222
0 0.680267 0.416294 0.075781 0.100000
0 0.921882 0.427762 0.143750 0.141667
0 0.794934 0.439576 0.108594 0.140278
0 0.436637 0.436823 0.093750 0.143056
0 0.262906 0.537645 0.138281 0.104167
0 0.139852 0.485406 0.107813 0.109722
0 0.525362 0.433329 0.064844 0.188889
0 0.684114 0.502703 0.157813 0.105556
0 0.407375 0.552723 0.117188 0.127778
0 0.091006 0.592103 0.157031 0.120833
0 0.331553 0.409918 0.094531 0.150000
0 0.213672 0.442361 0.133594 0.098611
0 0.871875 0.599306 0.154687 0.134722
