0 0.690015 0.172456 0.070312 0.163889
0 0.770758 0.187575 0.091406 0.130556
0 0.556715 0.450275 0.066406 0.144444
0 0.614684 0.424170 0.065625 0.126389
0 0.794516 0.383318 0.148438 0.136111
0 0.674506 0.549375 0.117969 0.129167
0 0.395840 0.703694 0.003906 0.001389
0 0.678850 0.413180 0.076563 0.126389
0 0.821544 0.548694 0.126563 0.129167
0 0.225503 0.543110 0.123438 0.097222
0 0.416388 0.586886 0.079687 0.104167
0 0.451683 0.477860 0.075000 0.130556
0 0.229687 0.669444 0.189063 0.122222
0 0.087109 0.568750 0.171094 0.101389
0 0.253516 0.429861 0.146094 0.104167
