0 0.689942 0.172303 0.070312 0.163889
0 0.449635 0.610019 0.092188 0.106944
0 0.770240 0.185717 0.091406 0.130556
0 0.666052 0.452923 0.094531 0.136111
0 0.802008 0.574519 0.147656 0.123611
0 0.553081 0.658288 0.088281 0.116667
0 0.742912 0.429794 0.075000 0.159722
0 0.448848 0.499528 0.078906 0.134722
0 0.194467 0.462600 0.110937 0.111111
0 0.284293 0.469513 0.079687 0.122222
0 0.359473 0.452815 0.079687 0.130556
0 0.351637 0.587502 0.100781 0.115278
0 0.824959 0.445971 0.095312 0.113889
0 0.073047 0.576389 0.146094 0.122222
0 0.580469 0.535417 0.107813 0.129167
