0 0.687541 0.158779 0.089062 0.155556
0 0.760287 0.175874 0.039062 0.141667
0 0.814049 0.175127 0.064062 0.130556
0 0.095472 0.497810 0.110937 0.151389
0 0.447685 0.521821 0.077344 0.155556
0 0.373247 0.391625 0.074219 0.148611
0 0.631681 0.422763 0.083594 0.143056
0 0.528911 0.371197 0.071875 0.119444
0 0.575331 0.540981 0.082813 0.141667
0 0.815020 0.509647 0.125000 0.109722
0 0.453552 0.357608 0.066406 0.134722
0 0.211325 0.432112 0.103906 0.113889
0 0.808185 0.411743 0.111719 0.106944
0 0.728141 0.497000 0.087500 0.138889
0 0.299692 0.447225 0.075781 0.144444
0 0.176953 0.559028 0.110156 0.109722
0 0.095703 0.668750 0.149219 0.112500
