0 0.584712 0.407491 0.078125 0.156944
0 0.661668 0.416322 0.061719 0.168056
0 0.921376 0.140655 0.104687 0.155556
0 0.901317 0.553925 0.104687 0.144444
0 0.902544 0.743378 0.104687 0.170833
0 0.216464 0.063139 0.120312 0.123611
0 0.597655 0.117107 0.085938 0.177778
0 0.177642 0.649609 0.114063 0.173611
0 0.174646 0.324331 0.079687 0.118056
0 0.207736 0.463948 0.115625 0.118056
0 0.520087 0.736990 0.096094 0.145833
0 0.098358 0.453171 0.089844 0.123611
0 0.113495 0.314773 0.050781 0.137500
0 0.159650 0.873716 0.133594 0.183333
