0 0.584699 0.407574 0.078125 0.156944
0 0.659575 0.409916 0.061719 0.168056
0 0.598595 0.120068 0.085938 0.177778
0 0.167196 0.645285 0.114063 0.173611
0 0.108202 0.439132 0.089844 0.123611
0 0.525924 0.715430 0.085938 0.163889
0 0.928630 0.115794 0.090625 0.154167
0 0.245053 0.094253 0.117969 0.169444
0 0.197895 0.455044 0.092969 0.129167
0 0.964863 0.757256 0.064062 0.155556
0 0.903325 0.552827 0.110937 0.125000
0 0.180708 0.317028 0.083594 0.115278
0 0.111226 0.306731 0.061719 0.105556
0 0.087948 0.905462 0.132031 0.169444
0 0.172681 0.106639 0.050781 0.098611
0 0.066797 0.090972 0.130469 0.162500
