0 0.758676 0.187282 0.082813 0.147222
0 0.680189 0.416287 0.075781 0.100000
0 0.921977 0.427749 0.143750 0.141667
0 0.343310 0.441599 0.097656 0.113889
0 0.868344 0.601496 0.157031 0.116667
0 0.794900 0.439505 0.108594 0.140278
0 0.436687 0.436816 0.093750 0.143056
0 0.262092 0.553469 0.138281 0.104167
0 0.090868 0.584532 0.140625 0.122222
0 0.139873 0.485435 0.107813 0.109722
0 0.237995 0.456317 0.103906 0.101389
0 0.525400 0.433442 0.064844 0.188889
0 0.403527 0.583529 0.115625 0.138889
0 0.674219 0.510417 0.131250 0.109722
