0 0.701345 0.175636 0.075781 0.154167
0 0.777463 0.195529 0.079687 0.105556
0 0.413479 0.384965 0.067188 0.116667
0 0.370207 0.475127 0.085938 0.111111
0 0.564499 0.468050 0.075781 0.113889
0 0.484435 0.354945 0.081250 0.118056
0 0.173034 0.666182 0.138281 0.119444
0 0.744483 0.507736 0.104687 0.115278
0 0.660191 0.444342 0.065625 0.066667
0 0.472272 0.479093 0.067188 0.093056
0 0.193067 0.474947 0.151562 0.100000
0 0.062984 0.504977 0.116406 0.090278
0 0.652028 0.387086 0.088281 0.094444
0 0.663896 0.608880 0.092969 0.125000
0 0.749678 0.587922 0.101562 0.104167
0 0.135819 0.583150 0.117188 0.070833
0 0.906250 0.572917 0.112500 0.123611
0 0.814844 0.503472 0.089062 0.104167
