0 0.584738 0.407514 0.078125 0.156944
0 0.659747 0.416243 0.061719 0.168056
0 0.900455 0.553720 0.104687 0.144444
0 0.902351 0.741800 0.104687 0.170833
0 0.216417 0.063362 0.120312 0.123611
0 0.597489 0.119597 0.085938 0.177778
0 0.177665 0.649582 0.114063 0.173611
0 0.174075 0.323661 0.079687 0.118056
0 0.203454 0.443850 0.115625 0.118056
0 0.089536 0.454721 0.089844 0.123611
0 0.115721 0.315153 0.050781 0.137500
0 0.525809 0.715294 0.085938 0.163889
0 0.929119 0.114726 0.090625 0.154167
0 0.144531 0.861111 0.143750 0.144444
