0 0.750357 0.208206 0.089844 0.151389
0 0.852849 0.426502 0.108594 0.138889
0 0.101526 0.204100 0.089062 0.127778
0 0.878607 0.570532 0.138281 0.126389
0 0.334629 0.635738 0.118750 0.130556
0 0.661239 0.370827 0.081250 0.176389
0 0.730589 0.406476 0.079687 0.176389
0 0.957016 0.449976 0.082813 0.108333
0 0.095578 0.451497 0.150781 0.122222
0 0.224013 0.409493 0.133594 0.111111
0 0.408171 0.471574 0.088281 0.140278
0 0.529282 0.443088 0.089844 0.163889
0 0.127734 0.614583 0.174219 0.156944
0 0.319922 0.519444 0.121094 0.094444
