0 0.292898 0.331675 0.112500 0.144444
0 0.565294 0.616697 0.096875 0.161111
0 0.307559 0.140608 0.091406 0.120833
0 0.292899 0.331676 0.112500 0.144444
0 0.565301 0.616692 0.096875 0.161111
0 0.307561 0.140606 0.091406 0.120833
0 0.292898 0.331675 0.112500 0.144444
0 0.565294 0.616697 0.096875 0.161111
0 0.307560 0.140608 0.091406 0.120833
0 0.292898 0.331675 0.112500 0.144444
0 0.565297 0.616681 0.096875 0.161111
0 0.307560 0.140608 0.091406 0.120833
0 0.875040 0.911259 0.115625 0.166667
0 0.636398 0.835276 0.080469 0.181944
0 0.493722 0.789731 0.082813 0.141667
0 0.745465 0.827805 0.104687 0.152778
0 0.762436 0.945124 0.114063 0.104167
0 0.244609 0.860978 0.087500 0.152778
0 0.333957 0.802802 0.096094 0.130556
0 0.105078 0.862500 0.138281 0.122222
0 0.505469 0.931250 0.065625 0.120833
0 0.346484 0.938889 0.094531 0.111111
