0 0.754301 0.201849 0.094531 0.166667
0 0.226985 0.400633 0.136719 0.126389
0 0.417681 0.457604 0.067969 0.137500
0 0.515709 0.413873 0.073437 0.113889
0 0.143145 0.472845 0.115625 0.087500
0 0.337897 0.490937 0.082813 0.109722
0 0.785535 0.455523 0.124219 0.155556
0 0.509908 0.530627 0.094531 0.111111
0 0.288594 0.571407 0.112500 0.115278
0 0.152685 0.587534 0.127344 0.113889
0 0.788810 0.615038 0.142188 0.140278
0 0.931250 0.647222 0.128125 0.150000
0 0.903516 0.420139 0.128906 0.134722
0 0.647656 0.481250 0.095312 0.168056
