0 0.696463 0.178499 0.075781 0.154167
0 0.781203 0.196548 0.079687 0.105556
0 0.413624 0.384889 0.067188 0.116667
0 0.370282 0.474804 0.085938 0.111111
0 0.564600 0.468155 0.075781 0.113889
0 0.172581 0.676061 0.138281 0.119444
0 0.660208 0.444266 0.065625 0.066667
0 0.651967 0.387375 0.088281 0.094444
0 0.749650 0.610041 0.101562 0.104167
0 0.916883 0.584006 0.117188 0.125000
0 0.814095 0.482574 0.085938 0.129167
0 0.176549 0.472237 0.139062 0.080556
0 0.135099 0.564520 0.128906 0.076389
0 0.720312 0.511111 0.096875 0.105556
0 0.644531 0.613194 0.100000 0.126389
0 0.475000 0.354167 0.084375 0.119444
0 0.465625 0.481250 0.076563 0.109722
