0 0.689796 0.172232 0.070312 0.163889
0 0.642433 0.496758 0.089844 0.123611
0 0.541502 0.508918 0.082813 0.145833
0 0.771523 0.170990 0.092188 0.134722
0 0.743392 0.483979 0.125781 0.168056
0 0.277778 0.432123 0.100781 0.116667
0 0.628963 0.605589 0.084375 0.129167
0 0.737398 0.657167 0.113281 0.137500
0 0.844929 0.561375 0.100781 0.108333
0 0.276422 0.566604 0.098438 0.134722
0 0.359809 0.488356 0.088281 0.123611
0 0.440991 0.521838 0.071094 0.144444
0 0.517578 0.613194 0.089844 0.131944
0 0.183594 0.434028 0.106250 0.104167
