0 0.292969 0.331764 0.112500 0.144444
0 0.565239 0.616755 0.096875 0.161111
0 0.759550 0.872292 0.092188 0.141667
0 0.307531 0.170986 0.091406 0.120833
0 0.292969 0.331764 0.112500 0.144444
0 0.565242 0.616750 0.096875 0.161111
0 0.759552 0.872294 0.092188 0.141667
0 0.307532 0.170986 0.091406 0.120833
0 0.292969 0.331764 0.112500 0.144444
0 0.565240 0.616753 0.096875 0.161111
0 0.759549 0.872293 0.092188 0.141667
0 0.307531 0.170987 0.091406 0.120833
0 0.292969 0.331764 0.112500 0.144444
0 0.565240 0.616747 0.096875 0.161111
0 0.759553 0.872294 0.092188 0.141667
0 0.307531 0.170986 0.091406 0.120833
0 0.875292 0.911213 0.115625 0.166667
0 0.481195 0.776445 0.087500 0.130556
0 0.297699 0.868233 0.070312 0.188889
0 0.481268 0.907194 0.060938 0.111111
0 0.378493 0.933306 0.085156 0.108333
0 0.163658 0.827671 0.122656 0.155556
0 0.636360 0.835280 0.080469 0.181944
0 0.365234 0.808333 0.072656 0.150000
