0 0.752744 0.193713 0.082813 0.147222
0 0.239670 0.469134 0.078125 0.102778
0 0.680137 0.416322 0.075781 0.100000
0 0.921955 0.427689 0.143750 0.141667
0 0.343446 0.441645 0.097656 0.113889
0 0.868330 0.601405 0.157031 0.116667
0 0.794933 0.439478 0.108594 0.140278
0 0.408389 0.574309 0.107813 0.119444
0 0.436669 0.436873 0.093750 0.143056
0 0.091423 0.577536 0.114844 0.116667
0 0.262168 0.553550 0.138281 0.104167
0 0.576190 0.426861 0.099219 0.154167
0 0.163619 0.511800 0.086719 0.115278
0 0.682422 0.525000 0.111719 0.127778
