0 0.798755 0.215983 0.076563 0.175000
0 0.931619 0.411435 0.132031 0.087500
0 0.276119 0.468270 0.094531 0.138889
0 0.448101 0.376808 0.086719 0.145833
0 0.468356 0.482351 0.095312 0.141667
0 0.107435 0.535554 0.148438 0.115278
0 0.681729 0.165730 0.089062 0.155556
0 0.173407 0.486057 0.107813 0.130556
0 0.125113 0.647215 0.136719 0.113889
0 0.342823 0.475280 0.075000 0.131944
0 0.364298 0.374242 0.092969 0.143056
0 0.575391 0.524306 0.100781 0.120833
0 0.568359 0.384722 0.075781 0.152778
0 0.652734 0.434722 0.092969 0.127778
0 0.779297 0.494444 0.144531 0.152778
