0 0.925781 0.100694 0.103125 0.159722
0 0.584375 0.416667 0.084375 0.169444
0 0.670313 0.411111 0.079687 0.175000
0 0.907812 0.543056 0.100000 0.144444
0 0.895312 0.750694 0.114063 0.190278
0 0.531641 0.702778 0.074219 0.152778
0 0.166406 0.647222 0.104687 0.138889
0 0.182031 0.468750 0.092188 0.129167
0 0.094531 0.467361 0.078125 0.126389
0 0.042188 0.118056 0.084375 0.138889
0 0.175391 0.105556 0.103906 0.122222
0 0.269141 0.163889 0.064844 0.113889
0 0.257812 0.380556 0.117188 0.147222
0 0.158984 0.925694 0.142969 0.134722
0 0.114063 0.309722 0.051562 0.088889
0 0.125000 0.145139 0.065625 0.101389
0 0.178516 0.361111 0.050781 0.094444
0 0.601172 0.129861 0.085156 0.156944
