0 0.109089 0.332834 0.062500 0.126389
0 0.584509 0.407283 0.078125 0.156944
0 0.662297 0.415992 0.061719 0.168056
0 0.921769 0.093264 0.104687 0.155556
0 0.901862 0.554035 0.104687 0.144444
0 0.903834 0.746224 0.104687 0.170833
0 0.216761 0.062728 0.120312 0.123611
0 0.124824 0.051126 0.061719 0.100000
0 0.226636 0.927156 0.115625 0.143056
0 0.183755 0.330367 0.081250 0.104167
0 0.351338 0.916570 0.110156 0.163889
0 0.186649 0.622876 0.113281 0.170833
0 0.597199 0.117388 0.085938 0.177778
0 0.101945 0.449740 0.076563 0.126389
0 0.197492 0.460025 0.088281 0.152778
