0 0.689918 0.172374 0.070312 0.163889
0 0.773764 0.189145 0.091406 0.130556
0 0.556734 0.450238 0.066406 0.144444
0 0.614781 0.424331 0.065625 0.126389
0 0.462949 0.513223 0.080469 0.120833
0 0.170657 0.445795 0.182031 0.116667
0 0.687954 0.465391 0.083594 0.105556
0 0.791744 0.397514 0.133594 0.105556
0 0.405083 0.636393 0.119531 0.155556
0 0.823691 0.554378 0.153125 0.144444
0 0.659718 0.570663 0.103906 0.155556
0 0.288723 0.538206 0.108594 0.140278
0 0.292323 0.402719 0.101562 0.130556
0 0.150000 0.565278 0.171875 0.125000
