0 0.689866 0.172285 0.070312 0.163889
0 0.768736 0.499234 0.121875 0.165278
0 0.642563 0.496523 0.089844 0.123611
0 0.631738 0.595121 0.082813 0.109722
0 0.541456 0.509071 0.082813 0.145833
0 0.471495 0.502967 0.052344 0.113889
0 0.508634 0.633544 0.085938 0.105556
0 0.869934 0.540244 0.105469 0.125000
0 0.718309 0.650503 0.097656 0.122222
0 0.773015 0.169946 0.092188 0.134722
0 0.299609 0.468750 0.108594 0.131944
0 0.395703 0.477083 0.082031 0.148611
0 0.305078 0.602083 0.121094 0.118056
0 0.178516 0.421528 0.150781 0.126389
0 0.163281 0.548611 0.101562 0.102778
