0 0.688440 0.175189 0.076563 0.156944
0 0.378167 0.363913 0.082813 0.130556
0 0.656566 0.395217 0.078906 0.076389
0 0.651640 0.448530 0.051562 0.040278
0 0.719256 0.625613 0.089062 0.112500
0 0.472264 0.379147 0.092969 0.123611
0 0.777233 0.505675 0.101562 0.088889
0 0.312362 0.477816 0.109375 0.097222
0 0.755225 0.175807 0.061719 0.106944
0 0.544099 0.465992 0.082031 0.115278
0 0.421117 0.481802 0.074219 0.097222
0 0.596033 0.638592 0.085938 0.122222
0 0.834298 0.568694 0.107031 0.100000
0 0.691797 0.520833 0.103906 0.088889
0 0.164844 0.587500 0.153125 0.116667
