0 0.759958 0.201671 0.082813 0.147222
0 0.680231 0.416300 0.075781 0.100000
0 0.921974 0.427803 0.143750 0.141667
0 0.868270 0.601329 0.157031 0.116667
0 0.794873 0.439626 0.108594 0.140278
0 0.436634 0.436875 0.093750 0.143056
0 0.261900 0.553283 0.138281 0.104167
0 0.090690 0.584523 0.140625 0.122222
0 0.139780 0.485436 0.107813 0.109722
0 0.237865 0.456183 0.103906 0.101389
0 0.525362 0.433587 0.064844 0.188889
0 0.664967 0.516895 0.157813 0.105556
0 0.399427 0.589561 0.114063 0.130556
0 0.345663 0.415265 0.097656 0.144444
