0 0.205857 0.429522 0.146094 0.106944
0 0.189777 0.519686 0.152344 0.093056
0 0.686013 0.174912 0.076563 0.205556
0 0.771839 0.176286 0.076563 0.175000
0 0.308098 0.570795 0.109375 0.120833
0 0.438686 0.408481 0.065625 0.141667
0 0.363430 0.471173 0.093750 0.152778
0 0.537870 0.513475 0.091406 0.115278
0 0.573094 0.367941 0.082031 0.155556
0 0.496031 0.389273 0.065625 0.140278
0 0.734401 0.361000 0.137500 0.113889
0 0.830035 0.426606 0.125781 0.133333
0 0.748438 0.557639 0.151562 0.143056
0 0.480469 0.100694 0.123438 0.195833
