0 0.700795 0.175390 0.075781 0.154167
0 0.778334 0.189303 0.079687 0.105556
0 0.413497 0.384905 0.067188 0.116667
0 0.370320 0.475274 0.085938 0.111111
0 0.564559 0.468190 0.075781 0.113889
0 0.484360 0.354897 0.081250 0.118056
0 0.169027 0.653789 0.138281 0.119444
0 0.744520 0.507672 0.104687 0.115278
0 0.660219 0.444467 0.065625 0.066667
0 0.471375 0.479419 0.067188 0.093056
0 0.192992 0.475021 0.151562 0.100000
0 0.063104 0.504860 0.116406 0.090278
0 0.652027 0.387377 0.088281 0.094444
0 0.664987 0.616785 0.092969 0.125000
0 0.749476 0.587242 0.101562 0.104167
0 0.133594 0.568750 0.117188 0.070833
0 0.817969 0.535417 0.084375 0.101389
0 0.909766 0.578472 0.108594 0.112500
