0 0.750407 0.208128 0.089844 0.151389
0 0.683254 0.375490 0.102344 0.137500
0 0.852781 0.426482 0.108594 0.138889
0 0.271870 0.408495 0.104687 0.138889
0 0.163700 0.425781 0.124219 0.154167
0 0.051991 0.418743 0.097656 0.154167
0 0.101509 0.204195 0.089062 0.127778
0 0.377314 0.641147 0.100000 0.123611
0 0.353906 0.513194 0.100000 0.118056
0 0.489453 0.465972 0.096094 0.170833
0 0.586719 0.422222 0.081250 0.180556
0 0.746875 0.443056 0.100000 0.144444
0 0.888672 0.579861 0.138281 0.126389
0 0.187891 0.619444 0.178906 0.138889
