0 0.584766 0.407637 0.078125 0.156944
0 0.599376 0.122449 0.085938 0.177778
0 0.526011 0.715469 0.085938 0.163889
0 0.927004 0.100145 0.090625 0.154167
0 0.970872 0.751602 0.064062 0.155556
0 0.908812 0.553596 0.110937 0.125000
0 0.096154 0.456162 0.075781 0.129167
0 0.105437 0.308664 0.043750 0.100000
0 0.894154 0.742681 0.082813 0.126389
0 0.192814 0.472767 0.088281 0.113889
0 0.654388 0.421222 0.057031 0.112500
0 0.184593 0.108265 0.091406 0.168056
0 0.173156 0.670152 0.132812 0.190278
0 0.061809 0.125445 0.123438 0.152778
0 0.268838 0.159615 0.068750 0.102778
0 0.232812 0.346528 0.123438 0.140278
0 0.154297 0.314583 0.036719 0.068056
