0 0.237344 0.499481 0.098438 0.136111
0 0.344903 0.424915 0.099219 0.111111
0 0.719794 0.537356 0.135937 0.102778
0 0.138336 0.454899 0.095312 0.137500
0 0.582304 0.636895 0.113281 0.180556
0 0.355113 0.535450 0.127344 0.100000
0 0.756186 0.664292 0.130469 0.126389
0 0.926251 0.424178 0.089844 0.140278
0 0.750525 0.207691 0.089844 0.151389
0 0.821935 0.430529 0.103125 0.141667
0 0.661683 0.423365 0.096875 0.138889
0 0.580859 0.469444 0.083594 0.130556
0 0.477734 0.447917 0.085156 0.176389
0 0.476172 0.293750 0.105469 0.123611
0 0.069531 0.573611 0.134375 0.094444
