0 0.701815 0.175473 0.075781 0.154167
0 0.781885 0.196556 0.079687 0.105556
0 0.413544 0.385035 0.067188 0.116667
0 0.370200 0.474644 0.085938 0.111111
0 0.564588 0.468139 0.075781 0.113889
0 0.170015 0.675123 0.138281 0.119444
0 0.744515 0.507627 0.104687 0.115278
0 0.660154 0.444285 0.065625 0.066667
0 0.468654 0.457119 0.067188 0.093056
0 0.651972 0.387172 0.088281 0.094444
0 0.657721 0.618979 0.092969 0.125000
0 0.749620 0.610192 0.101562 0.104167
0 0.916308 0.585713 0.117188 0.125000
0 0.478189 0.378229 0.087500 0.115278
0 0.814084 0.482437 0.085938 0.129167
0 0.176563 0.472222 0.139062 0.080556
0 0.134766 0.564583 0.128906 0.076389
