0 0.686102 0.174852 0.076563 0.205556
0 0.783888 0.174449 0.076563 0.175000
0 0.438370 0.407580 0.065625 0.141667
0 0.363321 0.470989 0.093750 0.152778
0 0.573054 0.368061 0.082031 0.155556
0 0.495962 0.388930 0.065625 0.140278
0 0.693726 0.366637 0.109375 0.136111
0 0.789427 0.440139 0.103906 0.138889
0 0.677644 0.517966 0.119531 0.129167
0 0.130456 0.518114 0.140625 0.105556
0 0.151227 0.651761 0.137500 0.119444
0 0.545446 0.507694 0.080469 0.115278
0 0.247266 0.532639 0.147656 0.115278
0 0.931641 0.411806 0.132031 0.087500
