0 0.106449 0.332458 0.062500 0.126389
0 0.584513 0.407184 0.078125 0.156944
0 0.662926 0.416333 0.061719 0.168056
0 0.921360 0.097405 0.104687 0.155556
0 0.901649 0.553970 0.104687 0.144444
0 0.904069 0.746356 0.104687 0.170833
0 0.216720 0.062794 0.120312 0.123611
0 0.124890 0.051103 0.061719 0.100000
0 0.226676 0.926613 0.115625 0.143056
0 0.183551 0.329989 0.081250 0.104167
0 0.351730 0.916544 0.110156 0.163889
0 0.597437 0.117402 0.085938 0.177778
0 0.092271 0.426064 0.076563 0.126389
0 0.165336 0.647344 0.112500 0.173611
0 0.202617 0.461982 0.109375 0.136111
0 0.533594 0.758333 0.095312 0.166667
