0 0.758353 0.195872 0.093750 0.155556
0 0.080916 0.200426 0.075000 0.093056
0 0.614034 0.429820 0.082813 0.109722
0 0.800941 0.372228 0.117188 0.136111
0 0.807625 0.492517 0.114063 0.105556
0 0.932505 0.462677 0.132031 0.091667
0 0.804461 0.602539 0.103125 0.109722
0 0.558229 0.508288 0.074219 0.102778
0 0.687501 0.518125 0.085938 0.104167
0 0.676935 0.388299 0.078906 0.123611
0 0.314067 0.517365 0.120312 0.095833
0 0.286569 0.632959 0.103125 0.065278
0 0.413625 0.447880 0.086719 0.095833
0 0.162293 0.601781 0.156250 0.119444
0 0.731296 0.664763 0.123438 0.126389
0 0.400391 0.579167 0.085156 0.113889
