0 0.292912 0.331737 0.112500 0.144444
0 0.565399 0.617043 0.096875 0.161111
0 0.297725 0.121000 0.091406 0.120833
0 0.292913 0.331738 0.112500 0.144444
0 0.565405 0.617037 0.096875 0.161111
0 0.297734 0.120994 0.091406 0.120833
0 0.292912 0.331737 0.112500 0.144444
0 0.565399 0.617043 0.096875 0.161111
0 0.297728 0.120999 0.091406 0.120833
0 0.292912 0.331737 0.112500 0.144444
0 0.565401 0.617032 0.096875 0.161111
0 0.297728 0.120997 0.091406 0.120833
0 0.222212 0.884065 0.053906 0.176389
0 0.287549 0.826373 0.082813 0.136111
0 0.421817 0.802160 0.073437 0.156944
0 0.109431 0.863910 0.131250 0.144444
0 0.307470 0.943824 0.102344 0.094444
0 0.472586 0.905521 0.046875 0.161111
0 0.680407 0.847860 0.104687 0.143056
0 0.578326 0.792159 0.073437 0.150000
0 0.844662 0.889618 0.117188 0.173611
0 0.676861 0.941009 0.110156 0.115278
