0 0.757111 0.195569 0.093750 0.155556
0 0.080778 0.200958 0.075000 0.093056
0 0.372277 0.616355 0.097656 0.087500
0 0.371693 0.520592 0.087500 0.105556
0 0.475843 0.457589 0.078125 0.090278
0 0.614016 0.429708 0.082813 0.109722
0 0.754724 0.663973 0.091406 0.122222
0 0.800934 0.372166 0.117188 0.136111
0 0.808001 0.496948 0.114063 0.105556
0 0.932499 0.462616 0.132031 0.091667
0 0.467615 0.584129 0.081250 0.111111
0 0.807914 0.612291 0.103125 0.109722
0 0.558201 0.508229 0.074219 0.102778
0 0.176183 0.595861 0.169531 0.102778
0 0.687342 0.521414 0.085938 0.104167
0 0.676887 0.388313 0.078906 0.123611
