0 0.292938 0.331833 0.112500 0.144444
0 0.565092 0.616590 0.096875 0.161111
0 0.759523 0.872377 0.092188 0.141667
0 0.310538 0.134932 0.091406 0.120833
0 0.168349 0.870216 0.110156 0.148611
0 0.292939 0.331833 0.112500 0.144444
0 0.565093 0.616586 0.096875 0.161111
0 0.759525 0.872378 0.092188 0.141667
0 0.310539 0.134931 0.091406 0.120833
0 0.168349 0.870216 0.110156 0.148611
0 0.289361 0.866648 0.066406 0.161111
0 0.292938 0.331833 0.112500 0.144444
0 0.565093 0.616587 0.096875 0.161111
0 0.759523 0.872378 0.092188 0.141667
0 0.310538 0.134932 0.091406 0.120833
0 0.168349 0.870215 0.110156 0.148611
0 0.292938 0.331833 0.112500 0.144444
0 0.565093 0.616585 0.096875 0.161111
0 0.759526 0.872378 0.092188 0.141667
0 0.310538 0.134931 0.091406 0.120833
0 0.168346 0.870217 0.110156 0.148611
0 0.289361 0.866647 0.066406 0.161111
0 0.875184 0.911214 0.115625 0.166667
0 0.481164 0.776294 0.087500 0.130556
0 0.486290 0.919976 0.063281 0.109722
0 0.383223 0.932721 0.075781 0.120833
0 0.627786 0.861813 0.082031 0.190278
0 0.362891 0.799306 0.077344 0.145833
