0 0.757081 0.195883 0.093750 0.155556
0 0.080371 0.200504 0.075000 0.093056
0 0.372422 0.616470 0.097656 0.087500
0 0.371708 0.520591 0.087500 0.105556
0 0.475839 0.457555 0.078125 0.090278
0 0.568923 0.524029 0.071875 0.095833
0 0.614017 0.429873 0.082813 0.109722
0 0.701081 0.425783 0.082031 0.104167
0 0.755178 0.661622 0.091406 0.122222
0 0.800829 0.372156 0.117188 0.136111
0 0.154663 0.573469 0.138281 0.098611
0 0.803607 0.598883 0.095312 0.094444
0 0.808984 0.499217 0.114063 0.105556
0 0.932453 0.462531 0.132031 0.091667
0 0.683179 0.527329 0.085156 0.094444
0 0.457124 0.590030 0.081250 0.111111
0 0.119922 0.454861 0.182031 0.109722
