0 0.752581 0.194060 0.082813 0.147222
0 0.595728 0.434709 0.075781 0.147222
0 0.048571 0.180463 0.091406 0.123611
0 0.239665 0.469449 0.078125 0.102778
0 0.169191 0.524382 0.080469 0.143056
0 0.090969 0.572330 0.084375 0.100000
0 0.680128 0.416352 0.075781 0.100000
0 0.691364 0.513359 0.103906 0.094444
0 0.921921 0.427863 0.143750 0.141667
0 0.261480 0.568426 0.105469 0.088889
0 0.343359 0.441667 0.097656 0.113889
0 0.437891 0.397917 0.096094 0.129167
0 0.401172 0.565972 0.096094 0.120833
0 0.794531 0.457639 0.106250 0.154167
0 0.872266 0.597917 0.171094 0.134722
0 0.938672 0.768750 0.121094 0.170833
