0 0.756992 0.195497 0.093750 0.155556
0 0.080871 0.201881 0.075000 0.093056
0 0.372304 0.616261 0.097656 0.087500
0 0.371633 0.520537 0.087500 0.105556
0 0.475847 0.457491 0.078125 0.090278
0 0.614023 0.429748 0.082813 0.109722
0 0.755225 0.663557 0.091406 0.122222
0 0.800832 0.372246 0.117188 0.136111
0 0.808345 0.496873 0.114063 0.105556
0 0.932467 0.462629 0.132031 0.091667
0 0.465862 0.584907 0.081250 0.111111
0 0.808793 0.607814 0.103125 0.109722
0 0.558106 0.508304 0.074219 0.102778
0 0.176251 0.595817 0.169531 0.102778
0 0.689155 0.521620 0.085938 0.104167
0 0.676954 0.388117 0.078906 0.123611
