0 0.701910 0.170869 0.075781 0.154167
0 0.666135 0.474363 0.082031 0.134722
0 0.753682 0.377941 0.099219 0.083333
0 0.832494 0.600063 0.110156 0.104167
0 0.811399 0.507016 0.107031 0.102778
0 0.796684 0.174075 0.060938 0.108333
0 0.729764 0.443634 0.062500 0.070833
0 0.720839 0.583095 0.111719 0.108333
0 0.235478 0.543307 0.121094 0.087500
0 0.558594 0.488194 0.067188 0.115278
0 0.258594 0.646528 0.132812 0.137500
0 0.347656 0.504861 0.095312 0.126389
0 0.458594 0.502778 0.073437 0.122222
0 0.490625 0.376389 0.075000 0.136111
0 0.564844 0.355556 0.085938 0.147222
0 0.113281 0.506250 0.132812 0.140278
