0 0.925870 0.101966 0.103125 0.159722
0 0.584377 0.416697 0.084375 0.169444
0 0.669898 0.411664 0.079687 0.175000
0 0.907676 0.542925 0.100000 0.144444
0 0.895088 0.750426 0.114063 0.190278
0 0.531677 0.702773 0.074219 0.152778
0 0.171622 0.646241 0.104687 0.138889
0 0.094809 0.467621 0.078125 0.126389
0 0.189168 0.125116 0.103906 0.122222
0 0.266096 0.159449 0.064844 0.113889
0 0.257775 0.380710 0.117188 0.147222
0 0.158950 0.926511 0.142969 0.134722
0 0.118968 0.310082 0.051562 0.088889
0 0.127219 0.145292 0.065625 0.101389
0 0.178549 0.361085 0.050781 0.094444
0 0.039844 0.120139 0.079687 0.154167
0 0.189063 0.468056 0.085938 0.111111
0 0.600781 0.119444 0.085938 0.158333
