0 0.754251 0.201878 0.094531 0.166667
0 0.417687 0.457612 0.067969 0.137500
0 0.142918 0.473003 0.115625 0.087500
0 0.785603 0.455577 0.124219 0.155556
0 0.903553 0.420194 0.128906 0.134722
0 0.647664 0.481503 0.095312 0.168056
0 0.329218 0.456968 0.080469 0.141667
0 0.237864 0.421588 0.116406 0.118056
0 0.505077 0.519988 0.103125 0.129167
0 0.522028 0.422871 0.068750 0.104167
0 0.917432 0.629189 0.160938 0.176389
0 0.739436 0.607118 0.138281 0.152778
0 0.151172 0.590278 0.138281 0.100000
0 0.282422 0.584028 0.113281 0.137500
