0 0.292977 0.331841 0.112500 0.144444
0 0.565155 0.616523 0.096875 0.161111
0 0.670716 0.891082 0.094531 0.176389
0 0.759570 0.872341 0.092188 0.141667
0 0.897834 0.911056 0.118750 0.163889
0 0.306307 0.146910 0.091406 0.120833
0 0.168367 0.870280 0.110156 0.148611
0 0.292978 0.331841 0.112500 0.144444
0 0.565155 0.616521 0.096875 0.161111
0 0.670716 0.891082 0.094531 0.176389
0 0.759572 0.872341 0.092188 0.141667
0 0.897834 0.911056 0.118750 0.163889
0 0.306308 0.146909 0.091406 0.120833
0 0.168368 0.870280 0.110156 0.148611
0 0.289450 0.866545 0.066406 0.161111
0 0.390967 0.926288 0.094531 0.111111
0 0.361328 0.800000 0.078906 0.130556
0 0.505859 0.779167 0.091406 0.166667
0 0.500781 0.911111 0.076563 0.116667
