0 0.584727 0.407508 0.078125 0.156944
0 0.660162 0.415989 0.061719 0.168056
0 0.900572 0.553860 0.104687 0.144444
0 0.902136 0.741434 0.104687 0.170833
0 0.216437 0.063444 0.120312 0.123611
0 0.597702 0.120126 0.085938 0.177778
0 0.178267 0.649823 0.114063 0.173611
0 0.174288 0.324179 0.079687 0.118056
0 0.206712 0.446414 0.115625 0.118056
0 0.096503 0.459079 0.089844 0.123611
0 0.115814 0.314302 0.050781 0.137500
0 0.156543 0.870396 0.141406 0.184722
0 0.525840 0.715293 0.085938 0.163889
0 0.932490 0.114189 0.090625 0.154167
