0 0.690050 0.172343 0.070312 0.163889
0 0.771328 0.190389 0.091406 0.130556
0 0.923411 0.571028 0.150000 0.113889
0 0.158230 0.443834 0.138281 0.120833
0 0.867653 0.399972 0.138281 0.105556
0 0.373216 0.494580 0.082031 0.155556
0 0.364580 0.609062 0.110937 0.111111
0 0.587889 0.460330 0.085156 0.148611
0 0.768345 0.461180 0.119531 0.091667
0 0.455706 0.628360 0.084375 0.125000
0 0.493805 0.497951 0.076563 0.120833
0 0.761387 0.556006 0.139062 0.120833
0 0.274631 0.482650 0.116406 0.126389
0 0.226953 0.563194 0.136719 0.095833
0 0.647266 0.421528 0.075781 0.140278
