0 0.689878 0.172241 0.070312 0.163889
0 0.771198 0.174937 0.092188 0.134722
0 0.237079 0.435412 0.119531 0.148611
0 0.137873 0.454835 0.080469 0.123611
0 0.319009 0.472427 0.086719 0.119444
0 0.457447 0.494410 0.069531 0.133333
0 0.727694 0.518816 0.132031 0.143056
0 0.576732 0.619031 0.082031 0.127778
0 0.107523 0.651423 0.137500 0.137500
0 0.244887 0.571549 0.121875 0.137500
0 0.680833 0.657548 0.102344 0.127778
0 0.808583 0.502742 0.103125 0.169444
0 0.456030 0.628490 0.089844 0.123611
0 0.562926 0.502811 0.067969 0.127778
0 0.373437 0.435417 0.059375 0.143056
0 0.403516 0.538889 0.058594 0.113889
