0 0.584491 0.416634 0.084375 0.169444
0 0.676884 0.411496 0.079687 0.175000
0 0.901956 0.542146 0.100000 0.144444
0 0.523200 0.716688 0.074219 0.152778
0 0.976816 0.749324 0.045313 0.134722
0 0.594263 0.114741 0.086719 0.163889
0 0.133163 0.133484 0.061719 0.093056
0 0.043370 0.141482 0.076563 0.166667
0 0.882789 0.750512 0.089844 0.126389
0 0.119936 0.330515 0.124219 0.122222
0 0.193717 0.463514 0.096875 0.113889
0 0.111108 0.463347 0.087500 0.111111
0 0.299453 0.164688 0.063281 0.088889
0 0.172190 0.666650 0.114844 0.163889
0 0.154086 0.933734 0.133594 0.125000
0 0.346851 0.384701 0.092969 0.188889
0 0.030626 0.329103 0.056250 0.137500
0 0.432422 0.092361 0.091406 0.173611
0 0.922656 0.111111 0.100000 0.147222
