0 0.689820 0.172199 0.070312 0.163889
0 0.770032 0.177011 0.092188 0.134722
0 0.237124 0.435454 0.119531 0.148611
0 0.137899 0.454817 0.080469 0.123611
0 0.457438 0.494171 0.069531 0.133333
0 0.562948 0.502590 0.067969 0.127778
0 0.392101 0.503953 0.070312 0.113889
0 0.558119 0.622363 0.085938 0.130556
0 0.628727 0.686339 0.080469 0.147222
0 0.890341 0.561678 0.136719 0.156944
0 0.321524 0.443274 0.083594 0.144444
0 0.461423 0.629107 0.085156 0.129167
0 0.216016 0.536806 0.128906 0.081944
0 0.303516 0.602778 0.105469 0.138889
0 0.650781 0.521528 0.132812 0.120833
0 0.750000 0.477778 0.092188 0.161111
