0 0.689770 0.172213 0.070312 0.163889
0 0.771602 0.174816 0.092188 0.134722
0 0.849007 0.567607 0.100781 0.108333
0 0.336581 0.490089 0.084375 0.119444
0 0.237111 0.435422 0.119531 0.148611
0 0.129325 0.424260 0.091406 0.095833
0 0.627047 0.600969 0.094531 0.133333
0 0.087386 0.639432 0.149219 0.130556
0 0.402358 0.558844 0.073437 0.123611
0 0.633240 0.498520 0.080469 0.111111
0 0.748037 0.491011 0.141406 0.129167
0 0.448626 0.626770 0.088281 0.129167
0 0.477376 0.515425 0.076563 0.122222
0 0.720312 0.658333 0.106250 0.125000
0 0.265625 0.577083 0.114063 0.126389
