0 0.750444 0.208048 0.089844 0.151389
0 0.501909 0.450063 0.074219 0.155556
0 0.458820 0.638404 0.105469 0.120833
0 0.589794 0.441662 0.090625 0.191667
0 0.683105 0.375673 0.102344 0.137500
0 0.852811 0.426222 0.108594 0.138889
0 0.761740 0.440928 0.067188 0.176389
0 0.288968 0.603643 0.125781 0.134722
0 0.886798 0.579085 0.127344 0.106944
0 0.356170 0.454236 0.081250 0.130556
0 0.249100 0.425789 0.120312 0.129167
0 0.422172 0.529240 0.105469 0.113889
0 0.133953 0.403853 0.111719 0.162500
0 0.128125 0.213889 0.128125 0.111111
