0 0.930021 0.106205 0.103125 0.159722
0 0.584396 0.416781 0.084375 0.169444
0 0.670085 0.410700 0.079687 0.175000
0 0.906642 0.542769 0.100000 0.144444
0 0.895247 0.749228 0.114063 0.190278
0 0.531526 0.702870 0.074219 0.152778
0 0.158016 0.927352 0.142969 0.134722
0 0.608076 0.123024 0.096094 0.188889
0 0.261355 0.403689 0.138281 0.140278
0 0.976538 0.749328 0.045313 0.134722
0 0.119300 0.128001 0.045313 0.065278
0 0.116829 0.319825 0.075000 0.106944
0 0.101169 0.464742 0.076563 0.119444
0 0.048842 0.127499 0.092188 0.120833
0 0.165360 0.645922 0.125781 0.173611
0 0.034528 0.315964 0.064844 0.147222
0 0.182098 0.457617 0.082813 0.143056
0 0.491797 0.188194 0.102344 0.198611
0 0.269922 0.175000 0.069531 0.125000
