0 0.687093 0.159160 0.089062 0.155556
0 0.815015 0.182419 0.064062 0.130556
0 0.631645 0.422943 0.083594 0.143056
0 0.561307 0.548823 0.082813 0.141667
0 0.800433 0.531909 0.125000 0.109722
0 0.808300 0.411648 0.111719 0.106944
0 0.728042 0.497178 0.087500 0.138889
0 0.077339 0.485228 0.142188 0.112500
0 0.922962 0.369441 0.092969 0.138889
0 0.533136 0.398232 0.085156 0.131944
0 0.182502 0.457248 0.103125 0.145833
0 0.266965 0.445472 0.090625 0.105556
0 0.758595 0.184018 0.053125 0.131944
0 0.451235 0.402361 0.064844 0.134722
0 0.380078 0.291667 0.092969 0.194444
0 0.262500 0.346528 0.121875 0.118056
0 0.436328 0.542361 0.096094 0.131944
0 0.070703 0.591667 0.141406 0.113889
