0 0.584802 0.407407 0.078125 0.156944
0 0.600246 0.126861 0.085938 0.177778
0 0.526034 0.715434 0.085938 0.163889
0 0.926399 0.105459 0.090625 0.154167
0 0.970911 0.751573 0.064062 0.155556
0 0.908866 0.553484 0.110937 0.125000
0 0.096101 0.456443 0.075781 0.129167
0 0.112825 0.316742 0.043750 0.100000
0 0.894263 0.742400 0.082813 0.126389
0 0.176351 0.453694 0.088281 0.113889
0 0.653007 0.421320 0.057031 0.112500
0 0.175213 0.098194 0.091406 0.168056
0 0.172346 0.668498 0.132812 0.190278
0 0.062736 0.124512 0.123438 0.152778
0 0.268933 0.159535 0.068750 0.102778
0 0.232817 0.346658 0.123438 0.140278
