0 0.292913 0.331651 0.112500 0.144444
0 0.565227 0.616604 0.096875 0.161111
0 0.305734 0.149688 0.091406 0.120833
0 0.292914 0.331652 0.112500 0.144444
0 0.565235 0.616604 0.096875 0.161111
0 0.305735 0.149686 0.091406 0.120833
0 0.292913 0.331652 0.112500 0.144444
0 0.565227 0.616604 0.096875 0.161111
0 0.305734 0.149689 0.091406 0.120833
0 0.292913 0.331652 0.112500 0.144444
0 0.565230 0.616598 0.096875 0.161111
0 0.305734 0.149688 0.091406 0.120833
0 0.875251 0.911439 0.115625 0.166667
0 0.636402 0.835116 0.080469 0.181944
0 0.493458 0.789178 0.082813 0.141667
0 0.500110 0.913263 0.064062 0.118056
0 0.745334 0.827737 0.104687 0.152778
0 0.762462 0.945354 0.114063 0.104167
0 0.352344 0.812500 0.081250 0.116667
0 0.244531 0.861111 0.087500 0.152778
0 0.116406 0.857639 0.146875 0.131944
0 0.365234 0.934028 0.083594 0.115278
