0 0.564581 0.468165 0.075781 0.113889
0 0.660346 0.444190 0.065625 0.066667
0 0.652025 0.387307 0.088281 0.094444
0 0.720517 0.510926 0.096875 0.105556
0 0.757263 0.595891 0.110156 0.118056
0 0.696018 0.163289 0.076563 0.156944
0 0.438070 0.474495 0.064844 0.091667
0 0.760732 0.177963 0.050781 0.091667
0 0.109058 0.635045 0.130469 0.100000
0 0.477340 0.382327 0.093750 0.120833
0 0.375558 0.371607 0.082031 0.118056
0 0.808178 0.527959 0.083594 0.105556
0 0.908439 0.585599 0.106250 0.120833
0 0.312500 0.470030 0.096875 0.104167
0 0.180723 0.553466 0.142969 0.098611
0 0.635547 0.613889 0.091406 0.122222
