0 0.692237 0.425619 0.114063 0.115278
0 0.748018 0.206664 0.121875 0.154167
0 0.582551 0.456448 0.095312 0.140278
0 0.587724 0.632773 0.097656 0.143056
0 0.367584 0.560785 0.122656 0.127778
0 0.237488 0.499869 0.098438 0.136111
0 0.479733 0.472348 0.071875 0.155556
0 0.344870 0.424988 0.099219 0.111111
0 0.829640 0.491679 0.104687 0.133333
0 0.923132 0.413936 0.147656 0.122222
0 0.722682 0.547275 0.135937 0.102778
0 0.749533 0.652868 0.145313 0.120833
0 0.052048 0.388362 0.096094 0.081944
0 0.138401 0.454746 0.095312 0.137500
0 0.070312 0.570139 0.135937 0.090278
