0 0.689887 0.172303 0.070312 0.163889
0 0.306928 0.470046 0.095312 0.131944
0 0.216813 0.488902 0.105469 0.127778
0 0.367472 0.485397 0.086719 0.109722
0 0.451007 0.609168 0.092188 0.106944
0 0.464989 0.479985 0.092188 0.137500
0 0.129322 0.454155 0.096094 0.150000
0 0.598745 0.524323 0.116406 0.118056
0 0.770741 0.185233 0.091406 0.130556
0 0.666046 0.452868 0.094531 0.136111
0 0.776305 0.442924 0.104687 0.170833
0 0.867399 0.571531 0.147656 0.123611
0 0.552915 0.658171 0.088281 0.116667
0 0.357202 0.602819 0.094531 0.126389
