0 0.691155 0.336056 0.107031 0.133333
0 0.695316 0.470509 0.098438 0.115278
0 0.157521 0.357891 0.119531 0.108333
0 0.513686 0.446072 0.086719 0.137500
0 0.500825 0.613440 0.087500 0.154167
0 0.691155 0.336054 0.107031 0.133333
0 0.695314 0.470511 0.098438 0.115278
0 0.157515 0.357891 0.119531 0.108333
0 0.513687 0.446074 0.086719 0.137500
0 0.499381 0.614365 0.087500 0.154167
0 0.140121 0.430650 0.149219 0.086111
0 0.411034 0.398437 0.084375 0.136111
0 0.359470 0.560427 0.100000 0.119444
0 0.787102 0.292375 0.078906 0.113889
0 0.264030 0.429865 0.118750 0.126389
0 0.049382 0.320823 0.087500 0.116667
