0 0.292930 0.331817 0.112500 0.144444
0 0.565322 0.617122 0.096875 0.161111
0 0.759609 0.872207 0.092188 0.141667
0 0.312604 0.139303 0.091406 0.120833
0 0.168355 0.870226 0.110156 0.148611
0 0.292931 0.331818 0.112500 0.144444
0 0.565324 0.617119 0.096875 0.161111
0 0.759612 0.872208 0.092188 0.141667
0 0.312606 0.139302 0.091406 0.120833
0 0.168356 0.870226 0.110156 0.148611
0 0.292931 0.331817 0.112500 0.144444
0 0.565322 0.617123 0.096875 0.161111
0 0.759608 0.872207 0.092188 0.141667
0 0.312605 0.139304 0.091406 0.120833
0 0.168353 0.870224 0.110156 0.148611
0 0.292931 0.331817 0.112500 0.144444
0 0.565324 0.617119 0.096875 0.161111
0 0.759612 0.872207 0.092188 0.141667
0 0.312605 0.139303 0.091406 0.120833
0 0.168352 0.870227 0.110156 0.148611
0 0.875343 0.911448 0.115625 0.166667
0 0.481168 0.776299 0.087500 0.130556
0 0.627719 0.861833 0.082031 0.190278
0 0.297648 0.868241 0.070312 0.188889
0 0.481187 0.907259 0.060938 0.111111
0 0.378533 0.933421 0.085156 0.108333
0 0.367188 0.808333 0.068750 0.144444
