0 0.292890 0.331622 0.112500 0.144444
0 0.565288 0.616719 0.096875 0.161111
0 0.306689 0.147934 0.091406 0.120833
0 0.292890 0.331622 0.112500 0.144444
0 0.565296 0.616715 0.096875 0.161111
0 0.306720 0.147904 0.091406 0.120833
0 0.292889 0.331621 0.112500 0.144444
0 0.565288 0.616719 0.096875 0.161111
0 0.306696 0.147929 0.091406 0.120833
0 0.292889 0.331621 0.112500 0.144444
0 0.565294 0.616709 0.096875 0.161111
0 0.306700 0.147923 0.091406 0.120833
0 0.222253 0.884060 0.053906 0.176389
0 0.421894 0.802154 0.073437 0.156944
0 0.109380 0.863882 0.131250 0.144444
0 0.307461 0.943958 0.102344 0.094444
0 0.680487 0.847916 0.104687 0.143056
0 0.294428 0.826522 0.078125 0.136111
0 0.915795 0.859340 0.124219 0.159722
0 0.459819 0.913412 0.066406 0.162500
0 0.799596 0.877656 0.105469 0.194444
0 0.692976 0.945484 0.100000 0.105556
0 0.565234 0.801060 0.073437 0.155556
