0 0.687018 0.159003 0.089062 0.155556
0 0.815024 0.182451 0.064062 0.130556
0 0.631601 0.422572 0.083594 0.143056
0 0.564440 0.549003 0.082813 0.141667
0 0.801793 0.533640 0.125000 0.109722
0 0.808242 0.411575 0.111719 0.106944
0 0.728011 0.496946 0.087500 0.138889
0 0.077300 0.485198 0.142188 0.112500
0 0.922998 0.369360 0.092969 0.138889
0 0.533262 0.398172 0.085156 0.131944
0 0.182507 0.457379 0.103125 0.145833
0 0.291529 0.360690 0.104687 0.115278
0 0.417910 0.396939 0.089062 0.123611
0 0.359766 0.507639 0.096094 0.193056
0 0.272656 0.459722 0.090625 0.105556
0 0.447656 0.575000 0.089062 0.130556
0 0.758594 0.184028 0.053125 0.131944
0 0.067578 0.595833 0.135156 0.094444
