0 0.754522 0.201363 0.094531 0.166667
0 0.841719 0.443110 0.146094 0.119444
0 0.833226 0.598089 0.127344 0.122222
0 0.147182 0.476238 0.130469 0.105556
0 0.155591 0.598223 0.154687 0.097222
0 0.346099 0.453474 0.081250 0.140278
0 0.252646 0.419483 0.108594 0.116667
0 0.954246 0.395133 0.082031 0.104167
0 0.947127 0.661790 0.107031 0.136111
0 0.432036 0.452834 0.093750 0.163889
0 0.289332 0.573784 0.111719 0.120833
0 0.698047 0.459028 0.128906 0.179167
0 0.531250 0.530556 0.098438 0.125000
0 0.532031 0.415278 0.067188 0.125000
