0 0.205845 0.429454 0.146094 0.106944
0 0.190149 0.519961 0.152344 0.093056
0 0.685995 0.174940 0.076563 0.205556
0 0.771761 0.176541 0.076563 0.175000
0 0.307981 0.570357 0.109375 0.120833
0 0.438849 0.408527 0.065625 0.141667
0 0.363374 0.471032 0.093750 0.152778
0 0.538502 0.520211 0.091406 0.115278
0 0.573047 0.368056 0.082031 0.155556
0 0.496094 0.389583 0.065625 0.140278
0 0.734375 0.361111 0.137500 0.113889
0 0.830078 0.426389 0.125781 0.133333
0 0.774219 0.550000 0.117188 0.141667
0 0.507031 0.164583 0.098438 0.209722
