0 0.689887 0.172268 0.070312 0.163889
0 0.306927 0.470260 0.095312 0.131944
0 0.216815 0.488860 0.105469 0.127778
0 0.367465 0.485295 0.086719 0.109722
0 0.451692 0.611896 0.092188 0.106944
0 0.464842 0.479866 0.092188 0.137500
0 0.129341 0.454153 0.096094 0.150000
0 0.598874 0.524409 0.116406 0.118056
0 0.771119 0.185522 0.091406 0.130556
0 0.666016 0.452778 0.094531 0.136111
0 0.761719 0.459028 0.104687 0.170833
0 0.867578 0.571528 0.147656 0.123611
0 0.553516 0.658333 0.088281 0.116667
0 0.356641 0.607639 0.094531 0.126389
