0 0.755945 0.184569 0.093750 0.155556
0 0.080624 0.201420 0.075000 0.093056
0 0.389448 0.599090 0.074219 0.113889
0 0.619534 0.405797 0.079687 0.111111
0 0.641973 0.518816 0.092188 0.125000
0 0.501571 0.516696 0.070312 0.119444
0 0.688024 0.669653 0.089844 0.122222
0 0.741347 0.364033 0.135937 0.122222
0 0.270721 0.617849 0.106250 0.080556
0 0.132865 0.610622 0.152344 0.113889
0 0.543657 0.448815 0.079687 0.108333
0 0.866346 0.470731 0.117188 0.100000
0 0.274609 0.517361 0.114844 0.104167
0 0.398047 0.465278 0.077344 0.111111
0 0.319531 0.327083 0.115625 0.143056
0 0.752734 0.588889 0.103906 0.122222
0 0.753906 0.461806 0.117188 0.106944
