0 0.690949 0.336687 0.107031 0.133333
0 0.694234 0.471001 0.098438 0.115278
0 0.517881 0.469035 0.086719 0.137500
0 0.500889 0.613238 0.087500 0.154167
0 0.690949 0.336686 0.107031 0.133333
0 0.694232 0.471002 0.098438 0.115278
0 0.517879 0.469030 0.086719 0.137500
0 0.499457 0.614178 0.087500 0.154167
0 0.411054 0.398540 0.084375 0.136111
0 0.786969 0.293159 0.078906 0.113889
0 0.049364 0.320637 0.087500 0.116667
0 0.271051 0.411874 0.104687 0.148611
0 0.148847 0.311731 0.117969 0.137500
0 0.140511 0.444000 0.155469 0.122222
0 0.358610 0.548128 0.106250 0.118056
0 0.602734 0.496528 0.088281 0.154167
