0 0.692207 0.425518 0.114063 0.115278
0 0.747773 0.207397 0.121875 0.154167
0 0.582726 0.456458 0.095312 0.140278
0 0.369209 0.558266 0.122656 0.127778
0 0.237354 0.499859 0.098438 0.136111
0 0.479773 0.472598 0.071875 0.155556
0 0.344911 0.425163 0.099219 0.111111
0 0.829708 0.491524 0.104687 0.133333
0 0.923003 0.413915 0.147656 0.122222
0 0.722555 0.547117 0.135937 0.102778
0 0.749159 0.649722 0.145313 0.120833
0 0.138379 0.454955 0.095312 0.137500
0 0.583950 0.636659 0.113281 0.180556
0 0.917210 0.609806 0.162500 0.105556
0 0.077734 0.576389 0.139844 0.102778
