0 0.689989 0.172255 0.070312 0.163889
0 0.771462 0.190963 0.091406 0.130556
0 0.207474 0.577803 0.107031 0.140278
0 0.932427 0.576641 0.150000 0.113889
0 0.158193 0.443795 0.138281 0.120833
0 0.867612 0.399789 0.138281 0.105556
0 0.373208 0.494493 0.082031 0.155556
0 0.363768 0.608406 0.110937 0.111111
0 0.587802 0.460398 0.085156 0.148611
0 0.669881 0.433071 0.099219 0.152778
0 0.768368 0.461240 0.119531 0.091667
0 0.467969 0.630556 0.084375 0.125000
0 0.493750 0.497917 0.076563 0.120833
0 0.752344 0.570139 0.139062 0.120833
0 0.274609 0.482639 0.116406 0.126389
