0 0.584746 0.407513 0.078125 0.156944
0 0.659502 0.409472 0.061719 0.168056
0 0.598626 0.119670 0.085938 0.177778
0 0.164564 0.652014 0.114063 0.173611
0 0.107121 0.440284 0.089844 0.123611
0 0.525881 0.715464 0.085938 0.163889
0 0.927704 0.115765 0.090625 0.154167
0 0.197704 0.455092 0.092969 0.129167
0 0.964720 0.757068 0.064062 0.155556
0 0.908333 0.553457 0.110937 0.125000
0 0.181407 0.316664 0.083594 0.115278
0 0.107027 0.306712 0.061719 0.105556
0 0.087993 0.905584 0.132031 0.169444
0 0.175704 0.099820 0.050781 0.098611
0 0.253336 0.112659 0.105469 0.165278
0 0.381641 0.152083 0.116406 0.215278
0 0.074609 0.087500 0.142969 0.144444
