0 0.687096 0.177386 0.076563 0.205556
0 0.788271 0.180321 0.076563 0.175000
0 0.931699 0.412107 0.132031 0.087500
0 0.126538 0.656389 0.149219 0.116667
0 0.166368 0.440375 0.135937 0.113889
0 0.276249 0.468092 0.094531 0.138889
0 0.113399 0.547378 0.146094 0.104167
0 0.695357 0.369467 0.095312 0.133333
0 0.342239 0.458046 0.054688 0.137500
0 0.396708 0.378163 0.078906 0.138889
0 0.494082 0.368402 0.086719 0.145833
0 0.467992 0.479136 0.085938 0.123611
0 0.759375 0.444444 0.081250 0.130556
0 0.659766 0.550000 0.111719 0.188889
