0 0.110695 0.333095 0.062500 0.126389
0 0.584488 0.407359 0.078125 0.156944
0 0.662360 0.416173 0.061719 0.168056
0 0.587956 0.116424 0.096875 0.163889
0 0.918631 0.109460 0.104687 0.155556
0 0.901909 0.553989 0.104687 0.144444
0 0.903940 0.745835 0.104687 0.170833
0 0.178386 0.467218 0.088281 0.108333
0 0.102301 0.454624 0.087500 0.120833
0 0.216680 0.063063 0.120312 0.123611
0 0.124750 0.051025 0.061719 0.100000
0 0.226574 0.927430 0.115625 0.143056
0 0.181435 0.329814 0.081250 0.104167
0 0.177235 0.661244 0.119531 0.195833
0 0.358942 0.928552 0.077344 0.140278
