0 0.697419 0.198254 0.075781 0.154167
0 0.666146 0.474349 0.082031 0.134722
0 0.753653 0.377929 0.099219 0.083333
0 0.475897 0.488592 0.071875 0.115278
0 0.832527 0.599705 0.110156 0.104167
0 0.811418 0.506962 0.107031 0.102778
0 0.797154 0.170496 0.060938 0.108333
0 0.729711 0.443672 0.062500 0.070833
0 0.511656 0.410350 0.068750 0.101389
0 0.579750 0.381049 0.096875 0.115278
0 0.720820 0.581791 0.111719 0.108333
0 0.331930 0.618559 0.098438 0.131944
0 0.198047 0.462500 0.147656 0.113889
0 0.246484 0.549306 0.099219 0.104167
0 0.399609 0.488194 0.083594 0.115278
0 0.567969 0.479167 0.062500 0.105556
0 0.066016 0.615278 0.130469 0.083333
