0 0.754371 0.201653 0.094531 0.166667
0 0.841713 0.443152 0.146094 0.119444
0 0.821362 0.571973 0.127344 0.122222
0 0.147249 0.476279 0.130469 0.105556
0 0.151259 0.576366 0.154687 0.097222
0 0.346049 0.453501 0.081250 0.140278
0 0.954264 0.395332 0.082031 0.104167
0 0.943308 0.663023 0.107031 0.136111
0 0.227004 0.400581 0.136719 0.126389
0 0.417545 0.457610 0.067969 0.137500
0 0.286122 0.583987 0.106250 0.094444
0 0.515658 0.413949 0.073437 0.113889
0 0.496094 0.559722 0.089062 0.130556
0 0.661328 0.465972 0.097656 0.154167
