0 0.292947 0.331876 0.112500 0.144444
0 0.565258 0.617032 0.096875 0.161111
0 0.759590 0.872163 0.092188 0.141667
0 0.308084 0.140936 0.091406 0.120833
0 0.168413 0.870234 0.110156 0.148611
0 0.292948 0.331876 0.112500 0.144444
0 0.565260 0.617028 0.096875 0.161111
0 0.759592 0.872165 0.092188 0.141667
0 0.308085 0.140935 0.091406 0.120833
0 0.168415 0.870234 0.110156 0.148611
0 0.289327 0.866565 0.066406 0.161111
0 0.292947 0.331876 0.112500 0.144444
0 0.565260 0.617028 0.096875 0.161111
0 0.759590 0.872163 0.092188 0.141667
0 0.308084 0.140936 0.091406 0.120833
0 0.168414 0.870233 0.110156 0.148611
0 0.292947 0.331876 0.112500 0.144444
0 0.565259 0.617024 0.096875 0.161111
0 0.759592 0.872164 0.092188 0.141667
0 0.308084 0.140935 0.091406 0.120833
0 0.168412 0.870235 0.110156 0.148611
0 0.289326 0.866565 0.066406 0.161111
0 0.387567 0.928578 0.106250 0.087500
0 0.875008 0.911107 0.115625 0.166667
0 0.480825 0.775988 0.087500 0.130556
0 0.486266 0.920108 0.063281 0.109722
0 0.633615 0.895785 0.092188 0.172222
0 0.361719 0.817361 0.059375 0.120833
