0 0.564567 0.468083 0.075781 0.113889
0 0.660282 0.444315 0.065625 0.066667
0 0.652040 0.387134 0.088281 0.094444
0 0.720425 0.510898 0.096875 0.105556
0 0.922972 0.580998 0.113281 0.129167
0 0.751270 0.603804 0.110156 0.118056
0 0.815299 0.527140 0.083594 0.120833
0 0.480530 0.357673 0.090625 0.129167
0 0.700221 0.192894 0.076563 0.156944
0 0.446008 0.488761 0.064844 0.091667
0 0.756723 0.174140 0.050781 0.091667
0 0.386027 0.389457 0.065625 0.109722
0 0.109005 0.634901 0.130469 0.100000
0 0.205444 0.543748 0.129688 0.098611
0 0.323432 0.468623 0.093750 0.120833
0 0.617969 0.606944 0.079687 0.127778
