0 0.292892 0.331796 0.112500 0.144444
0 0.565169 0.616746 0.096875 0.161111
0 0.759522 0.872101 0.092188 0.141667
0 0.312647 0.135513 0.091406 0.120833
0 0.168212 0.870209 0.110156 0.148611
0 0.292893 0.331796 0.112500 0.144444
0 0.565171 0.616743 0.096875 0.161111
0 0.759525 0.872104 0.092188 0.141667
0 0.312648 0.135512 0.091406 0.120833
0 0.168212 0.870210 0.110156 0.148611
0 0.292892 0.331796 0.112500 0.144444
0 0.565169 0.616747 0.096875 0.161111
0 0.759522 0.872102 0.092188 0.141667
0 0.312647 0.135513 0.091406 0.120833
0 0.168211 0.870209 0.110156 0.148611
0 0.292892 0.331796 0.112500 0.144444
0 0.565171 0.616744 0.096875 0.161111
0 0.759526 0.872103 0.092188 0.141667
0 0.312647 0.135512 0.091406 0.120833
0 0.168208 0.870211 0.110156 0.148611
0 0.875105 0.910968 0.115625 0.166667
0 0.481191 0.776285 0.087500 0.130556
0 0.627665 0.861850 0.082031 0.190278
0 0.297651 0.868160 0.070312 0.188889
0 0.481156 0.906853 0.060938 0.111111
0 0.378494 0.933323 0.085156 0.108333
0 0.373047 0.814583 0.071094 0.129167
