0 0.701340 0.175644 0.075781 0.154167
0 0.779445 0.196763 0.079687 0.105556
0 0.413376 0.384965 0.067188 0.116667
0 0.370165 0.475117 0.085938 0.111111
0 0.564616 0.468191 0.075781 0.113889
0 0.166689 0.672792 0.138281 0.119444
0 0.744520 0.507649 0.104687 0.115278
0 0.660215 0.444259 0.065625 0.066667
0 0.472296 0.476975 0.067188 0.093056
0 0.193093 0.474884 0.151562 0.100000
0 0.062595 0.504714 0.116406 0.090278
0 0.652021 0.387310 0.088281 0.094444
0 0.658284 0.613907 0.092969 0.125000
0 0.749544 0.610080 0.101562 0.104167
0 0.814727 0.503545 0.089062 0.104167
0 0.141713 0.566692 0.121875 0.077778
0 0.907059 0.590742 0.117188 0.125000
0 0.478125 0.378472 0.087500 0.115278
