0 0.689820 0.172173 0.070312 0.163889
0 0.237116 0.436583 0.119531 0.148611
0 0.562954 0.502653 0.067969 0.127778
0 0.560091 0.626780 0.085938 0.130556
0 0.629042 0.685973 0.080469 0.147222
0 0.896648 0.565392 0.136719 0.156944
0 0.650728 0.521509 0.132812 0.120833
0 0.750172 0.477777 0.092188 0.161111
0 0.282677 0.476197 0.107813 0.119444
0 0.444095 0.660690 0.092188 0.130556
0 0.379563 0.495597 0.070312 0.122222
0 0.460046 0.499180 0.081250 0.145833
0 0.245703 0.586111 0.117969 0.141667
0 0.769141 0.179861 0.089844 0.126389
