0 0.584525 0.416497 0.084375 0.169444
0 0.674415 0.412039 0.079687 0.175000
0 0.902271 0.542126 0.100000 0.144444
0 0.523224 0.716682 0.074219 0.152778
0 0.976820 0.749302 0.045313 0.134722
0 0.594867 0.129058 0.086719 0.163889
0 0.132423 0.133213 0.061719 0.093056
0 0.043673 0.141531 0.076563 0.166667
0 0.883092 0.751612 0.089844 0.126389
0 0.120036 0.330589 0.124219 0.122222
0 0.183812 0.464265 0.096875 0.113889
0 0.101559 0.470688 0.087500 0.111111
0 0.344012 0.223438 0.063281 0.088889
0 0.173129 0.665781 0.114844 0.163889
0 0.154499 0.933447 0.133594 0.125000
0 0.029878 0.327173 0.056250 0.137500
0 0.489973 0.205037 0.110937 0.176389
0 0.920466 0.104805 0.100000 0.162500
0 0.315625 0.407639 0.150000 0.156944
