0 0.689957 0.172407 0.070312 0.163889
0 0.773020 0.190964 0.091406 0.130556
0 0.493820 0.498130 0.076563 0.120833
0 0.244544 0.480629 0.121875 0.138889
0 0.416202 0.631005 0.077344 0.148611
0 0.852250 0.550113 0.121875 0.140278
0 0.365519 0.475027 0.079687 0.133333
0 0.325426 0.563808 0.076563 0.125000
0 0.556662 0.450277 0.066406 0.144444
0 0.614792 0.424304 0.065625 0.126389
0 0.668507 0.584750 0.149219 0.122222
0 0.059284 0.545212 0.111719 0.109722
0 0.692255 0.472111 0.092188 0.105556
0 0.794143 0.406982 0.138281 0.119444
0 0.156250 0.552083 0.081250 0.131944
