0 0.757024 0.195910 0.093750 0.155556
0 0.080384 0.200498 0.075000 0.093056
0 0.372457 0.616512 0.097656 0.087500
0 0.371764 0.520663 0.087500 0.105556
0 0.475834 0.457607 0.078125 0.090278
0 0.568414 0.524435 0.071875 0.095833
0 0.613992 0.429843 0.082813 0.109722
0 0.701072 0.425758 0.082031 0.104167
0 0.681718 0.528025 0.085938 0.109722
0 0.755216 0.661395 0.091406 0.122222
0 0.800762 0.372234 0.117188 0.136111
0 0.192888 0.583973 0.138281 0.098611
0 0.453161 0.578496 0.077344 0.119444
0 0.804688 0.598611 0.095312 0.094444
0 0.807813 0.498611 0.114063 0.105556
0 0.173047 0.470833 0.172656 0.119444
0 0.932422 0.462500 0.132031 0.091667
