0 0.358427 0.450755 0.082813 0.109722
0 0.353973 0.580512 0.084375 0.129167
0 0.444670 0.510198 0.074219 0.125000
0 0.103963 0.597302 0.159375 0.105556
0 0.237612 0.618616 0.102344 0.091667
0 0.493788 0.447020 0.064062 0.138889
0 0.752315 0.594294 0.114063 0.108333
0 0.684813 0.665944 0.104687 0.136111
0 0.762057 0.181913 0.100781 0.177778
0 0.704744 0.333303 0.101562 0.122222
0 0.560900 0.393611 0.076563 0.101389
0 0.233550 0.529048 0.104687 0.108333
0 0.579619 0.499128 0.083594 0.091667
0 0.832407 0.425649 0.138281 0.137500
0 0.084971 0.190750 0.077344 0.109722
0 0.685046 0.459047 0.100781 0.120833
