0 0.754223 0.201939 0.094531 0.166667
0 0.417674 0.457649 0.067969 0.137500
0 0.143010 0.472940 0.115625 0.087500
0 0.785558 0.455551 0.124219 0.155556
0 0.903526 0.420163 0.128906 0.134722
0 0.647647 0.481440 0.095312 0.168056
0 0.329210 0.457078 0.080469 0.141667
0 0.237842 0.421688 0.116406 0.118056
0 0.496991 0.484120 0.103125 0.129167
0 0.521993 0.422984 0.068750 0.104167
0 0.883008 0.648624 0.160938 0.176389
0 0.739414 0.606979 0.138281 0.152778
0 0.150740 0.588805 0.138281 0.100000
0 0.281349 0.584038 0.113281 0.137500
