0 0.689927 0.172376 0.070312 0.163889
0 0.773843 0.189079 0.091406 0.130556
0 0.556718 0.450092 0.066406 0.144444
0 0.614717 0.424256 0.065625 0.126389
0 0.462990 0.513164 0.080469 0.120833
0 0.170709 0.445795 0.182031 0.116667
0 0.687905 0.465208 0.083594 0.105556
0 0.791713 0.397435 0.133594 0.105556
0 0.405028 0.636264 0.119531 0.155556
0 0.821103 0.551508 0.153125 0.144444
0 0.659694 0.570771 0.103906 0.155556
0 0.288092 0.538708 0.108594 0.140278
0 0.148131 0.557387 0.147656 0.115278
0 0.292302 0.402416 0.101562 0.130556
