0 0.111728 0.333742 0.062500 0.126389
0 0.584479 0.407349 0.078125 0.156944
0 0.662865 0.416371 0.061719 0.168056
0 0.592815 0.125470 0.096875 0.163889
0 0.917557 0.109628 0.104687 0.155556
0 0.901864 0.553920 0.104687 0.144444
0 0.904047 0.746584 0.104687 0.170833
0 0.175648 0.440830 0.088281 0.108333
0 0.097202 0.454060 0.087500 0.120833
0 0.215832 0.063702 0.120312 0.123611
0 0.124289 0.052045 0.061719 0.100000
0 0.226831 0.927410 0.115625 0.143056
0 0.179721 0.329988 0.081250 0.104167
0 0.455859 0.795833 0.117969 0.186111
0 0.175781 0.640278 0.112500 0.177778
