0 0.564577 0.468231 0.075781 0.113889
0 0.660333 0.444100 0.065625 0.066667
0 0.652048 0.387399 0.088281 0.094444
0 0.720462 0.510900 0.096875 0.105556
0 0.688200 0.175184 0.076563 0.156944
0 0.763474 0.177008 0.050781 0.091667
0 0.808146 0.527839 0.083594 0.105556
0 0.910408 0.586393 0.106250 0.120833
0 0.312513 0.470135 0.096875 0.104167
0 0.637461 0.609318 0.091406 0.122222
0 0.454052 0.340197 0.087500 0.140278
0 0.182790 0.577942 0.135937 0.100000
0 0.441303 0.460704 0.060938 0.083333
0 0.377989 0.364164 0.082813 0.130556
0 0.728917 0.625672 0.096875 0.120833
