0 0.292876 0.331607 0.112500 0.144444
0 0.565330 0.616693 0.096875 0.161111
0 0.307030 0.152944 0.091406 0.120833
0 0.292877 0.331607 0.112500 0.144444
0 0.565338 0.616695 0.096875 0.161111
0 0.307055 0.152921 0.091406 0.120833
0 0.292876 0.331606 0.112500 0.144444
0 0.565330 0.616693 0.096875 0.161111
0 0.307035 0.152941 0.091406 0.120833
0 0.292876 0.331606 0.112500 0.144444
0 0.565334 0.616680 0.096875 0.161111
0 0.307038 0.152935 0.091406 0.120833
0 0.421714 0.802140 0.073437 0.156944
0 0.680533 0.848030 0.104687 0.143056
0 0.915918 0.859157 0.124219 0.159722
0 0.799654 0.877853 0.105469 0.194444
0 0.684631 0.951666 0.089844 0.094444
0 0.560674 0.801016 0.062500 0.163889
0 0.446163 0.928706 0.071875 0.129167
0 0.180469 0.868056 0.103125 0.166667
0 0.285937 0.850694 0.092188 0.140278
