0 0.754134 0.180790 0.093750 0.155556
0 0.080806 0.201380 0.075000 0.093056
0 0.800927 0.372235 0.117188 0.136111
0 0.809678 0.493317 0.114063 0.105556
0 0.932599 0.462624 0.132031 0.091667
0 0.807511 0.602228 0.103125 0.109722
0 0.684938 0.518337 0.085938 0.104167
0 0.677056 0.388522 0.078906 0.123611
0 0.162145 0.602901 0.156250 0.119444
0 0.729414 0.663495 0.123438 0.126389
0 0.614027 0.465397 0.084375 0.138889
0 0.402394 0.459649 0.085938 0.108333
0 0.300795 0.522732 0.087500 0.084722
0 0.393895 0.592841 0.074219 0.113889
0 0.297735 0.611287 0.100000 0.088889
0 0.507393 0.518084 0.066406 0.141667
