0 0.584768 0.407649 0.078125 0.156944
0 0.595395 0.133127 0.085938 0.177778
0 0.155004 0.664098 0.114063 0.173611
0 0.526013 0.715450 0.085938 0.163889
0 0.912982 0.084614 0.090625 0.154167
0 0.970908 0.751593 0.064062 0.155556
0 0.908710 0.553502 0.110937 0.125000
0 0.085689 0.453177 0.075781 0.129167
0 0.121156 0.321642 0.043750 0.100000
0 0.894202 0.743696 0.082813 0.126389
0 0.253723 0.367353 0.120312 0.112500
0 0.172766 0.319275 0.046094 0.097222
0 0.175580 0.436035 0.088281 0.113889
0 0.653260 0.421447 0.057031 0.112500
0 0.173348 0.084971 0.091406 0.168056
0 0.269427 0.166386 0.078906 0.119444
0 0.061719 0.115278 0.123438 0.136111
