0 0.584682 0.407471 0.078125 0.156944
0 0.662214 0.416420 0.061719 0.168056
0 0.919757 0.109224 0.104687 0.155556
0 0.901272 0.553982 0.104687 0.144444
0 0.903559 0.742378 0.104687 0.170833
0 0.216485 0.063120 0.120312 0.123611
0 0.124973 0.050347 0.061719 0.100000
0 0.597613 0.116243 0.085938 0.177778
0 0.203169 0.470106 0.109375 0.136111
0 0.177511 0.649333 0.114063 0.173611
0 0.102036 0.305402 0.066406 0.147222
0 0.102927 0.426011 0.085938 0.144444
0 0.105526 0.934211 0.125000 0.127778
0 0.259024 0.915279 0.103906 0.166667
0 0.482479 0.764433 0.095312 0.175000
0 0.186328 0.332639 0.078906 0.115278
