0 0.584722 0.407648 0.078125 0.156944
0 0.668800 0.432480 0.061719 0.168056
0 0.899838 0.553857 0.104687 0.144444
0 0.901791 0.741247 0.104687 0.170833
0 0.598003 0.120051 0.085938 0.177778
0 0.178258 0.650435 0.114063 0.173611
0 0.110219 0.487835 0.089844 0.123611
0 0.090136 0.326945 0.050781 0.137500
0 0.525880 0.715450 0.085938 0.163889
0 0.928151 0.114842 0.090625 0.154167
0 0.206443 0.497241 0.096094 0.138889
0 0.188195 0.331435 0.078125 0.111111
0 0.148110 0.131941 0.119531 0.152778
0 0.108172 0.837491 0.179688 0.133333
0 0.328125 0.088194 0.123438 0.156944
