0 0.689905 0.172096 0.070312 0.163889
0 0.751086 0.172711 0.092188 0.134722
0 0.237137 0.436530 0.119531 0.148611
0 0.137900 0.454830 0.080469 0.123611
0 0.562821 0.502968 0.067969 0.127778
0 0.563393 0.624351 0.085938 0.130556
0 0.629404 0.685688 0.080469 0.147222
0 0.893483 0.564843 0.136719 0.156944
0 0.650698 0.521461 0.132812 0.120833
0 0.750129 0.477804 0.092188 0.161111
0 0.282823 0.476139 0.107813 0.119444
0 0.226606 0.555353 0.178125 0.106944
0 0.436719 0.641667 0.092188 0.130556
0 0.379687 0.495833 0.070312 0.122222
0 0.460156 0.499306 0.081250 0.145833
