0 0.754248 0.201924 0.094531 0.166667
0 0.417662 0.457579 0.067969 0.137500
0 0.142968 0.472966 0.115625 0.087500
0 0.785574 0.455473 0.124219 0.155556
0 0.288801 0.572275 0.112500 0.115278
0 0.178071 0.576406 0.127344 0.113889
0 0.960822 0.619243 0.128125 0.150000
0 0.903575 0.420195 0.128906 0.134722
0 0.647636 0.481326 0.095312 0.168056
0 0.329267 0.457017 0.080469 0.141667
0 0.237895 0.421664 0.116406 0.118056
0 0.760384 0.592918 0.138281 0.162500
0 0.503125 0.524306 0.103125 0.129167
0 0.521875 0.422917 0.068750 0.104167
