0 0.205852 0.429756 0.146094 0.106944
0 0.182411 0.527908 0.152344 0.093056
0 0.773396 0.395528 0.142969 0.155556
0 0.685966 0.174966 0.076563 0.205556
0 0.773229 0.173029 0.076563 0.175000
0 0.307833 0.571092 0.109375 0.120833
0 0.800035 0.535217 0.170312 0.140278
0 0.387494 0.447322 0.081250 0.125000
0 0.526832 0.416147 0.075781 0.165278
0 0.457542 0.431930 0.060156 0.170833
0 0.630469 0.410417 0.104687 0.126389
0 0.592969 0.552778 0.095312 0.127778
0 0.810547 0.282639 0.136719 0.079167
0 0.890234 0.440972 0.083594 0.112500
