0 0.686099 0.174986 0.076563 0.205556
0 0.781708 0.181748 0.076563 0.175000
0 0.573108 0.368302 0.082031 0.155556
0 0.496087 0.389004 0.065625 0.140278
0 0.789416 0.440316 0.103906 0.138889
0 0.931665 0.411673 0.132031 0.087500
0 0.124348 0.657044 0.149219 0.116667
0 0.110381 0.544184 0.140625 0.101389
0 0.166312 0.440404 0.135937 0.113889
0 0.300800 0.471446 0.126563 0.137500
0 0.413672 0.437623 0.088281 0.175000
0 0.563922 0.473846 0.085938 0.129167
0 0.680078 0.520139 0.130469 0.134722
0 0.678906 0.395139 0.109375 0.131944
