0 0.695999 0.179647 0.075781 0.154167
0 0.794330 0.164410 0.040625 0.102778
0 0.348377 0.635822 0.078906 0.130556
0 0.408976 0.467228 0.074219 0.134722
0 0.666108 0.474340 0.082031 0.134722
0 0.180991 0.491083 0.099219 0.129167
0 0.265097 0.428063 0.113281 0.113889
0 0.753658 0.377836 0.099219 0.083333
0 0.564840 0.338187 0.078125 0.126389
0 0.735980 0.461198 0.067188 0.086111
0 0.475755 0.488255 0.071875 0.115278
0 0.327531 0.535211 0.079687 0.083333
0 0.832401 0.600700 0.110156 0.104167
0 0.811389 0.506959 0.107031 0.102778
0 0.565625 0.482639 0.064062 0.095833
0 0.516797 0.407639 0.064844 0.101389
0 0.717188 0.581250 0.106250 0.104167
