0 0.690024 0.172394 0.070312 0.163889
0 0.772862 0.186225 0.091406 0.130556
0 0.794569 0.383237 0.148438 0.136111
0 0.672727 0.548860 0.117969 0.129167
0 0.303778 0.729136 0.003906 0.001389
0 0.678918 0.413264 0.076563 0.126389
0 0.824824 0.555800 0.126563 0.129167
0 0.520289 0.443638 0.057813 0.137500
0 0.077734 0.686111 0.136719 0.133333
0 0.199609 0.536806 0.136719 0.084722
0 0.206250 0.421528 0.139062 0.101389
0 0.348828 0.577083 0.100781 0.120833
0 0.427344 0.472222 0.084375 0.122222
0 0.594922 0.449306 0.086719 0.134722
