0 0.584671 0.407526 0.078125 0.156944
0 0.661474 0.416315 0.061719 0.168056
0 0.930858 0.138894 0.104687 0.155556
0 0.901023 0.553819 0.104687 0.144444
0 0.902440 0.743282 0.104687 0.170833
0 0.216464 0.063124 0.120312 0.123611
0 0.597845 0.116800 0.085938 0.177778
0 0.178048 0.650471 0.114063 0.173611
0 0.174483 0.324712 0.079687 0.118056
0 0.205554 0.458149 0.115625 0.118056
0 0.519944 0.736812 0.096094 0.145833
0 0.099277 0.450664 0.089844 0.123611
0 0.167567 0.850654 0.143750 0.177778
0 0.107031 0.310417 0.059375 0.145833
