0 0.689830 0.172185 0.070312 0.163889
0 0.770269 0.176288 0.092188 0.134722
0 0.237109 0.435477 0.119531 0.148611
0 0.137914 0.454835 0.080469 0.123611
0 0.319022 0.472631 0.086719 0.119444
0 0.457339 0.494340 0.069531 0.133333
0 0.243338 0.564374 0.121875 0.137500
0 0.455490 0.628900 0.089844 0.123611
0 0.562937 0.502796 0.067969 0.127778
0 0.659344 0.527187 0.118750 0.129167
0 0.392173 0.504176 0.070312 0.113889
0 0.561474 0.617863 0.085938 0.130556
0 0.764899 0.472918 0.117188 0.104167
0 0.629613 0.685740 0.080469 0.147222
0 0.169531 0.621528 0.146875 0.129167
0 0.922266 0.579861 0.136719 0.156944
