0 0.754282 0.201858 0.094531 0.166667
0 0.226957 0.400593 0.136719 0.126389
0 0.417693 0.457625 0.067969 0.137500
0 0.515571 0.414226 0.073437 0.113889
0 0.661467 0.465992 0.097656 0.154167
0 0.142859 0.472969 0.115625 0.087500
0 0.331119 0.489409 0.082813 0.109722
0 0.785521 0.455483 0.124219 0.155556
0 0.923491 0.443740 0.148438 0.115278
0 0.921949 0.637070 0.135937 0.141667
0 0.508834 0.528564 0.094531 0.111111
0 0.288469 0.571320 0.112500 0.115278
0 0.152734 0.587500 0.127344 0.113889
0 0.795313 0.614583 0.142188 0.140278
