0 0.688449 0.175172 0.076563 0.156944
0 0.378123 0.363903 0.082813 0.130556
0 0.656608 0.395425 0.078906 0.076389
0 0.651663 0.448493 0.051562 0.040278
0 0.694783 0.532291 0.067969 0.079167
0 0.719123 0.625594 0.089062 0.112500
0 0.472248 0.379767 0.092969 0.123611
0 0.777216 0.505648 0.101562 0.088889
0 0.312325 0.477840 0.109375 0.097222
0 0.755322 0.175504 0.061719 0.106944
0 0.544064 0.466109 0.082031 0.115278
0 0.179653 0.599379 0.139062 0.112500
0 0.420703 0.481944 0.074219 0.097222
0 0.596094 0.638889 0.085938 0.122222
0 0.837891 0.569444 0.107031 0.100000
