0 0.564484 0.468231 0.075781 0.113889
0 0.660375 0.444007 0.065625 0.066667
0 0.652025 0.387114 0.088281 0.094444
0 0.720446 0.511023 0.096875 0.105556
0 0.751124 0.603366 0.110156 0.118056
0 0.701145 0.171840 0.076563 0.156944
0 0.450430 0.492002 0.064844 0.091667
0 0.760376 0.182754 0.050781 0.091667
0 0.385876 0.389649 0.065625 0.109722
0 0.108887 0.634628 0.130469 0.100000
0 0.205468 0.543758 0.129688 0.098611
0 0.323217 0.468587 0.093750 0.120833
0 0.816052 0.525100 0.086719 0.111111
0 0.624396 0.596835 0.081250 0.111111
0 0.900821 0.586102 0.125000 0.130556
0 0.477344 0.382639 0.093750 0.120833
