0 0.689783 0.172250 0.070312 0.163889
0 0.642536 0.496624 0.089844 0.123611
0 0.541483 0.508938 0.082813 0.145833
0 0.771137 0.171893 0.092188 0.134722
0 0.743485 0.483874 0.125781 0.168056
0 0.628988 0.605469 0.084375 0.129167
0 0.733767 0.663797 0.113281 0.137500
0 0.839137 0.550134 0.100781 0.108333
0 0.441072 0.521907 0.071094 0.144444
0 0.483351 0.599814 0.074219 0.105556
0 0.152020 0.438934 0.128906 0.080556
0 0.283203 0.580556 0.125781 0.108333
0 0.336719 0.490278 0.084375 0.119444
0 0.133594 0.570139 0.142188 0.143056
0 0.237109 0.435417 0.119531 0.148611
