0 0.689929 0.172280 0.070312 0.163889
0 0.454986 0.611447 0.092188 0.106944
0 0.770304 0.188494 0.091406 0.130556
0 0.665959 0.453003 0.094531 0.136111
0 0.781282 0.573940 0.147656 0.123611
0 0.552970 0.658099 0.088281 0.116667
0 0.742914 0.429789 0.075000 0.159722
0 0.448769 0.499410 0.078906 0.134722
0 0.580307 0.535630 0.107813 0.129167
0 0.801963 0.475560 0.082031 0.098611
0 0.281641 0.586806 0.107031 0.112500
0 0.331250 0.503472 0.104687 0.109722
0 0.238281 0.452778 0.121875 0.116667
0 0.104297 0.556944 0.163281 0.116667
