0 0.930348 0.105979 0.103125 0.159722
0 0.584411 0.416704 0.084375 0.169444
0 0.670546 0.410867 0.079687 0.175000
0 0.906285 0.542953 0.100000 0.144444
0 0.895232 0.749053 0.114063 0.190278
0 0.531508 0.702891 0.074219 0.152778
0 0.156430 0.931152 0.142969 0.134722
0 0.608910 0.130718 0.096094 0.188889
0 0.976607 0.749296 0.045313 0.134722
0 0.118630 0.127475 0.045313 0.065278
0 0.116886 0.319816 0.075000 0.106944
0 0.101951 0.465113 0.076563 0.119444
0 0.181471 0.650669 0.125781 0.173611
0 0.178045 0.475069 0.082813 0.143056
0 0.477494 0.155647 0.102344 0.198611
0 0.264534 0.187158 0.069531 0.125000
0 0.037859 0.317530 0.053125 0.094444
0 0.243750 0.358333 0.150000 0.141667
