0 0.750384 0.208232 0.089844 0.151389
0 0.501874 0.450165 0.074219 0.155556
0 0.458775 0.638203 0.105469 0.120833
0 0.589812 0.441611 0.090625 0.191667
0 0.683113 0.375644 0.102344 0.137500
0 0.852819 0.426318 0.108594 0.138889
0 0.761701 0.440986 0.067188 0.176389
0 0.289684 0.601965 0.125781 0.134722
0 0.887284 0.577407 0.127344 0.106944
0 0.356137 0.454255 0.081250 0.130556
0 0.249157 0.425619 0.120312 0.129167
0 0.422232 0.529277 0.105469 0.113889
0 0.130570 0.433316 0.112500 0.141667
0 0.120312 0.203472 0.139062 0.118056
