0 0.690077 0.172263 0.070312 0.163889
0 0.773196 0.188919 0.091406 0.130556
0 0.493928 0.498320 0.076563 0.120833
0 0.639172 0.422989 0.065625 0.145833
0 0.570324 0.445868 0.073437 0.138889
0 0.155290 0.478811 0.069531 0.125000
0 0.075945 0.544170 0.128906 0.108333
0 0.670747 0.592708 0.094531 0.144444
0 0.364379 0.500073 0.068750 0.113889
0 0.244513 0.480546 0.121875 0.138889
0 0.416134 0.631734 0.077344 0.148611
0 0.697643 0.490382 0.079687 0.091667
0 0.321579 0.565974 0.086719 0.115278
0 0.816121 0.531394 0.136719 0.150000
0 0.796438 0.403428 0.136719 0.129167
