0 0.689817 0.172240 0.070312 0.163889
0 0.642538 0.496637 0.089844 0.123611
0 0.541320 0.508923 0.082813 0.145833
0 0.771500 0.171195 0.092188 0.134722
0 0.743422 0.483869 0.125781 0.168056
0 0.277852 0.432163 0.100781 0.116667
0 0.628840 0.604587 0.084375 0.129167
0 0.739784 0.656451 0.113281 0.137500
0 0.844011 0.560920 0.100781 0.108333
0 0.277031 0.616892 0.098438 0.134722
0 0.441020 0.522067 0.071094 0.144444
0 0.529033 0.612420 0.089844 0.131944
0 0.183603 0.434044 0.106250 0.104167
0 0.350781 0.483333 0.079687 0.091667
