0 0.111501 0.333698 0.062500 0.126389
0 0.177536 0.338087 0.072656 0.138889
0 0.584441 0.407408 0.078125 0.156944
0 0.662562 0.416419 0.061719 0.168056
0 0.595979 0.126875 0.096875 0.163889
0 0.919524 0.109457 0.104687 0.155556
0 0.901877 0.553999 0.104687 0.144444
0 0.903400 0.743420 0.104687 0.170833
0 0.371094 0.927566 0.084375 0.143056
0 0.160152 0.686948 0.103906 0.163889
0 0.195204 0.462497 0.088281 0.108333
0 0.100637 0.458322 0.087500 0.120833
0 0.216324 0.063563 0.120312 0.123611
0 0.124484 0.051089 0.061719 0.100000
0 0.226698 0.927060 0.115625 0.143056
0 0.384375 0.563194 0.107813 0.165278
