0 0.754166 0.180778 0.093750 0.155556
0 0.080826 0.201255 0.075000 0.093056
0 0.800937 0.372220 0.117188 0.136111
0 0.809165 0.493744 0.114063 0.105556
0 0.932467 0.462766 0.132031 0.091667
0 0.806633 0.602269 0.103125 0.109722
0 0.685607 0.515224 0.085938 0.104167
0 0.677082 0.388470 0.078906 0.123611
0 0.162116 0.602720 0.156250 0.119444
0 0.729719 0.664299 0.123438 0.126389
0 0.614026 0.465367 0.084375 0.138889
0 0.402361 0.459654 0.085938 0.108333
0 0.300798 0.522917 0.087500 0.084722
0 0.394622 0.592174 0.074219 0.113889
0 0.297656 0.611111 0.100000 0.088889
0 0.507422 0.518056 0.066406 0.141667
