0 0.564619 0.468298 0.075781 0.113889
0 0.660270 0.444244 0.065625 0.066667
0 0.652001 0.387208 0.088281 0.094444
0 0.720436 0.510829 0.096875 0.105556
0 0.643830 0.598607 0.096875 0.116667
0 0.923150 0.576964 0.113281 0.129167
0 0.751142 0.603854 0.110156 0.118056
0 0.815215 0.527339 0.083594 0.120833
0 0.480541 0.357602 0.090625 0.129167
0 0.707830 0.177337 0.076563 0.156944
0 0.330575 0.461595 0.082813 0.123611
0 0.210155 0.520949 0.139062 0.091667
0 0.130867 0.631777 0.144531 0.127778
0 0.437063 0.486310 0.064844 0.091667
0 0.761328 0.179167 0.050781 0.091667
0 0.385938 0.389583 0.065625 0.109722
