0 0.584468 0.416517 0.084375 0.169444
0 0.677245 0.411427 0.079687 0.175000
0 0.901474 0.542068 0.100000 0.144444
0 0.523192 0.716685 0.074219 0.152778
0 0.976834 0.749339 0.045313 0.134722
0 0.595282 0.125067 0.086719 0.163889
0 0.133221 0.133488 0.061719 0.093056
0 0.043438 0.141187 0.076563 0.166667
0 0.882960 0.750829 0.089844 0.126389
0 0.140223 0.347299 0.124219 0.122222
0 0.186015 0.463608 0.096875 0.113889
0 0.039373 0.331626 0.062500 0.097222
0 0.102511 0.461648 0.087500 0.111111
0 0.272219 0.178454 0.063281 0.088889
0 0.152429 0.928907 0.135937 0.134722
0 0.373828 0.193056 0.097656 0.155556
0 0.344141 0.770139 0.122656 0.226389
0 0.172266 0.675000 0.114844 0.163889
0 0.925000 0.117361 0.096875 0.145833
