0 0.292862 0.331608 0.112500 0.144444
0 0.565426 0.616991 0.096875 0.161111
0 0.306998 0.153096 0.091406 0.120833
0 0.292863 0.331607 0.112500 0.144444
0 0.565432 0.616993 0.096875 0.161111
0 0.307029 0.153070 0.091406 0.120833
0 0.292862 0.331607 0.112500 0.144444
0 0.565426 0.616991 0.096875 0.161111
0 0.307004 0.153092 0.091406 0.120833
0 0.292862 0.331607 0.112500 0.144444
0 0.565428 0.616981 0.096875 0.161111
0 0.307008 0.153086 0.091406 0.120833
0 0.222094 0.884174 0.053906 0.176389
0 0.421871 0.802169 0.073437 0.156944
0 0.680464 0.847919 0.104687 0.143056
0 0.294436 0.826550 0.078125 0.136111
0 0.915998 0.859060 0.124219 0.159722
0 0.799661 0.877537 0.105469 0.194444
0 0.467370 0.910371 0.054688 0.165278
0 0.684582 0.951577 0.089844 0.094444
0 0.071170 0.854190 0.132812 0.136111
0 0.565625 0.803472 0.068750 0.173611
