0 0.757066 0.195440 0.093750 0.155556
0 0.080368 0.199788 0.075000 0.093056
0 0.372321 0.616339 0.097656 0.087500
0 0.371683 0.520594 0.087500 0.105556
0 0.475856 0.457410 0.078125 0.090278
0 0.614048 0.429786 0.082813 0.109722
0 0.755318 0.663386 0.091406 0.122222
0 0.800826 0.372199 0.117188 0.136111
0 0.808383 0.498004 0.114063 0.105556
0 0.932541 0.462685 0.132031 0.091667
0 0.465323 0.589493 0.081250 0.111111
0 0.809484 0.610366 0.103125 0.109722
0 0.558203 0.508333 0.074219 0.102778
0 0.176181 0.595868 0.169531 0.102778
0 0.684731 0.510580 0.085938 0.104167
0 0.676934 0.388264 0.078906 0.123611
