0 0.584864 0.407181 0.078125 0.156944
0 0.654583 0.433548 0.061719 0.168056
0 0.598810 0.124699 0.085938 0.177778
0 0.168532 0.651703 0.114063 0.173611
0 0.525996 0.715473 0.085938 0.163889
0 0.922417 0.115826 0.090625 0.154167
0 0.971040 0.751673 0.064062 0.155556
0 0.907939 0.553274 0.110937 0.125000
0 0.141267 0.112167 0.050781 0.098611
0 0.092571 0.453510 0.075781 0.129167
0 0.121272 0.322149 0.043750 0.100000
0 0.225874 0.321008 0.140625 0.169444
0 0.192323 0.463721 0.096094 0.100000
0 0.892556 0.734896 0.082813 0.126389
0 0.211719 0.102778 0.095312 0.127778
0 0.332812 0.252778 0.056250 0.094444
0 0.044922 0.106250 0.089844 0.140278
