0 0.697450 0.177788 0.075781 0.154167
0 0.780922 0.202027 0.079687 0.105556
0 0.413587 0.385084 0.067188 0.116667
0 0.370324 0.474580 0.085938 0.111111
0 0.564468 0.468173 0.075781 0.113889
0 0.170244 0.676649 0.138281 0.119444
0 0.660331 0.444228 0.065625 0.066667
0 0.652001 0.387374 0.088281 0.094444
0 0.749666 0.610105 0.101562 0.104167
0 0.917053 0.590514 0.117188 0.125000
0 0.814156 0.482554 0.085938 0.129167
0 0.176575 0.472202 0.139062 0.080556
0 0.136901 0.579174 0.128906 0.076389
0 0.720393 0.511074 0.096875 0.105556
0 0.644174 0.613374 0.100000 0.126389
0 0.475011 0.354086 0.084375 0.119444
0 0.468093 0.476537 0.076563 0.109722
