0 0.596132 0.723823 0.062500 0.091667
0 0.902793 0.761352 0.092188 0.118056
0 0.521623 0.716100 0.080469 0.111111
0 0.922201 0.092504 0.085156 0.122222
0 0.097205 0.673379 0.104687 0.098611
0 0.223828 0.131250 0.142969 0.129167
0 0.518359 0.515278 0.067969 0.113889
0 0.596132 0.723823 0.062500 0.091667
0 0.902793 0.761352 0.092188 0.118056
0 0.521623 0.716100 0.080469 0.111111
0 0.922201 0.092504 0.085156 0.122222
0 0.097205 0.673379 0.104687 0.098611
0 0.648259 0.404453 0.084375 0.137500
0 0.223828 0.131250 0.142969 0.129167
0 0.518359 0.515278 0.067969 0.113889
