0 0.689782 0.172211 0.070312 0.163889
0 0.771556 0.174936 0.092188 0.134722
0 0.237067 0.435580 0.119531 0.148611
0 0.704498 0.668191 0.106250 0.125000
0 0.137845 0.454863 0.080469 0.123611
0 0.318991 0.472336 0.086719 0.119444
0 0.474205 0.627712 0.110937 0.145833
0 0.457323 0.494254 0.069531 0.133333
0 0.389220 0.525213 0.071875 0.122222
0 0.727746 0.518846 0.132031 0.143056
0 0.581707 0.512564 0.074219 0.125000
0 0.583828 0.628443 0.082031 0.127778
0 0.834313 0.567484 0.093750 0.126389
0 0.428906 0.161806 0.115625 0.204167
0 0.107813 0.650694 0.137500 0.137500
0 0.255469 0.575694 0.121875 0.137500
