0 0.690050 0.172362 0.070312 0.163889
0 0.771685 0.187574 0.091406 0.130556
0 0.556752 0.450234 0.066406 0.144444
0 0.614715 0.424294 0.065625 0.126389
0 0.462873 0.513212 0.080469 0.120833
0 0.170581 0.445781 0.182031 0.116667
0 0.680401 0.449280 0.071875 0.154167
0 0.794477 0.383237 0.148438 0.136111
0 0.674699 0.548427 0.117969 0.129167
0 0.847720 0.547109 0.128125 0.126389
0 0.284641 0.527834 0.097656 0.122222
0 0.281463 0.351735 0.092188 0.123611
0 0.423064 0.603391 0.072656 0.109722
0 0.389844 0.391667 0.082813 0.141667
