0 0.688511 0.175249 0.076563 0.156944
0 0.378014 0.363873 0.082813 0.130556
0 0.656556 0.395132 0.078906 0.076389
0 0.651712 0.448508 0.051562 0.040278
0 0.719164 0.625661 0.089062 0.112500
0 0.777264 0.505760 0.101562 0.088889
0 0.312350 0.477594 0.109375 0.097222
0 0.755170 0.176081 0.061719 0.106944
0 0.543932 0.466067 0.082031 0.115278
0 0.420760 0.481526 0.074219 0.097222
0 0.595971 0.638820 0.085938 0.122222
0 0.827955 0.566457 0.107031 0.100000
0 0.691898 0.518215 0.103906 0.088889
0 0.164983 0.587490 0.153125 0.116667
0 0.462109 0.339583 0.072656 0.140278
