0 0.564581 0.468243 0.075781 0.113889
0 0.660383 0.444029 0.065625 0.066667
0 0.651986 0.387045 0.088281 0.094444
0 0.720446 0.510879 0.096875 0.105556
0 0.751562 0.603045 0.110156 0.118056
0 0.695009 0.162659 0.076563 0.156944
0 0.759361 0.181260 0.050781 0.091667
0 0.108820 0.635120 0.130469 0.100000
0 0.375490 0.371532 0.082031 0.118056
0 0.808159 0.527900 0.083594 0.105556
0 0.908095 0.582838 0.106250 0.120833
0 0.312488 0.470362 0.096875 0.104167
0 0.180515 0.553432 0.142969 0.098611
0 0.636667 0.612845 0.091406 0.122222
0 0.444760 0.488441 0.061719 0.101389
0 0.454038 0.339602 0.087500 0.140278
