0 0.178059 0.447125 0.093750 0.133333
0 0.066836 0.484918 0.133594 0.102778
0 0.520430 0.390093 0.078125 0.144444
0 0.610489 0.411255 0.103906 0.172222
0 0.572719 0.552117 0.078906 0.147222
0 0.723513 0.512463 0.104687 0.150000
0 0.827696 0.518547 0.096875 0.112500
0 0.781603 0.409901 0.117969 0.097222
0 0.898804 0.361895 0.128906 0.172222
0 0.808904 0.195486 0.042188 0.137500
0 0.760916 0.193055 0.060938 0.150000
0 0.691024 0.186792 0.088281 0.187500
0 0.297457 0.361007 0.100000 0.133333
0 0.057409 0.627680 0.111719 0.147222
0 0.404675 0.415054 0.082031 0.158333
0 0.372470 0.539707 0.090625 0.101389
0 0.274609 0.474306 0.088281 0.129167
