0 0.689861 0.172194 0.070312 0.163889
0 0.761225 0.185379 0.092188 0.134722
0 0.237099 0.436680 0.119531 0.148611
0 0.137815 0.454820 0.080469 0.123611
0 0.562874 0.502775 0.067969 0.127778
0 0.562216 0.623137 0.085938 0.130556
0 0.629632 0.685532 0.080469 0.147222
0 0.896809 0.559198 0.136719 0.156944
0 0.650689 0.521426 0.132812 0.120833
0 0.750106 0.477776 0.092188 0.161111
0 0.282783 0.475924 0.107813 0.119444
0 0.217113 0.555523 0.178125 0.106944
0 0.452402 0.647618 0.088281 0.138889
0 0.467182 0.493210 0.081250 0.138889
0 0.435937 0.175000 0.101562 0.208333
0 0.387500 0.511806 0.068750 0.126389
