0 0.691131 0.336904 0.107031 0.133333
0 0.779293 0.330644 0.060938 0.125000
0 0.688397 0.481217 0.098438 0.115278
0 0.157259 0.358181 0.119531 0.108333
0 0.067060 0.380276 0.123438 0.122222
0 0.362182 0.553056 0.110937 0.116667
0 0.513577 0.446347 0.086719 0.137500
0 0.142591 0.440853 0.150000 0.081944
0 0.279261 0.393713 0.100781 0.145833
0 0.501647 0.606453 0.087500 0.154167
0 0.691131 0.336905 0.107031 0.133333
0 0.779293 0.330645 0.060938 0.125000
0 0.688396 0.481217 0.098438 0.115278
0 0.157257 0.358180 0.119531 0.108333
0 0.067060 0.380276 0.123438 0.122222
0 0.362183 0.553055 0.110937 0.116667
0 0.513576 0.446346 0.086719 0.137500
0 0.142592 0.440853 0.150000 0.081944
0 0.279262 0.393712 0.100781 0.145833
0 0.501647 0.606453 0.087500 0.154167
0 0.402344 0.386111 0.118750 0.133333
