0 0.697436 0.165309 0.075781 0.154167
0 0.782350 0.181957 0.079687 0.105556
0 0.413378 0.385089 0.067188 0.116667
0 0.370307 0.475023 0.085938 0.111111
0 0.464874 0.489841 0.058594 0.086111
0 0.702317 0.371484 0.101562 0.093056
0 0.780471 0.614177 0.093750 0.123611
0 0.776404 0.509089 0.104687 0.098611
0 0.564541 0.468182 0.075781 0.113889
0 0.484341 0.354815 0.081250 0.118056
0 0.188041 0.678295 0.138281 0.119444
0 0.648934 0.449653 0.071094 0.083333
0 0.200781 0.477778 0.140625 0.105556
0 0.119531 0.581944 0.137500 0.083333
0 0.656641 0.580556 0.103906 0.113889
