0 0.292949 0.332021 0.112500 0.144444
0 0.309245 0.136030 0.098438 0.112500
0 0.565142 0.616795 0.096875 0.161111
0 0.729432 0.911997 0.097656 0.154167
0 0.823829 0.865805 0.107031 0.150000
0 0.947796 0.928339 0.102344 0.134722
0 0.209364 0.861721 0.098438 0.129167
0 0.834348 0.960187 0.106250 0.070833
0 0.598518 0.807430 0.096875 0.162500
0 0.607046 0.939613 0.070312 0.109722
0 0.313302 0.920990 0.079687 0.138889
0 0.384766 0.881250 0.080469 0.170833
0 0.496875 0.927778 0.071875 0.127778
0 0.466406 0.829167 0.060938 0.130556
