0 0.691071 0.336632 0.107031 0.133333
0 0.779352 0.330658 0.060938 0.125000
0 0.688914 0.480885 0.098438 0.115278
0 0.157266 0.358053 0.119531 0.108333
0 0.067068 0.380238 0.123438 0.122222
0 0.362401 0.553241 0.110937 0.116667
0 0.513684 0.446523 0.086719 0.137500
0 0.399307 0.392373 0.110937 0.137500
0 0.141811 0.437707 0.150000 0.081944
0 0.279258 0.393545 0.100781 0.145833
0 0.500945 0.607947 0.087500 0.154167
0 0.691070 0.336633 0.107031 0.133333
0 0.779352 0.330658 0.060938 0.125000
0 0.688914 0.480885 0.098438 0.115278
0 0.157265 0.358052 0.119531 0.108333
0 0.067067 0.380239 0.123438 0.122222
0 0.362402 0.553239 0.110937 0.116667
0 0.513683 0.446521 0.086719 0.137500
0 0.399307 0.392374 0.110937 0.137500
0 0.141812 0.437708 0.150000 0.081944
0 0.279258 0.393543 0.100781 0.145833
0 0.500945 0.607947 0.087500 0.154167
