0 0.564598 0.467991 0.075781 0.113889
0 0.660298 0.444269 0.065625 0.066667
0 0.651943 0.387073 0.088281 0.094444
0 0.720381 0.510944 0.096875 0.105556
0 0.238017 0.512319 0.121094 0.120833
0 0.646955 0.597365 0.096875 0.116667
0 0.922333 0.580357 0.113281 0.129167
0 0.751136 0.603803 0.110156 0.118056
0 0.815284 0.527094 0.083594 0.120833
0 0.480478 0.357916 0.090625 0.129167
0 0.084249 0.601489 0.110156 0.105556
0 0.693834 0.179773 0.076563 0.156944
0 0.400939 0.379976 0.073437 0.115278
0 0.440608 0.478293 0.062500 0.098611
0 0.330484 0.461447 0.082813 0.123611
0 0.756290 0.174667 0.047656 0.093056
0 0.171484 0.651389 0.136719 0.094444
