0 0.689779 0.172188 0.070312 0.163889
0 0.642469 0.496728 0.089844 0.123611
0 0.541404 0.508924 0.082813 0.145833
0 0.771245 0.171917 0.092188 0.134722
0 0.743405 0.483943 0.125781 0.168056
0 0.277804 0.432147 0.100781 0.116667
0 0.629426 0.605498 0.084375 0.129167
0 0.743553 0.658305 0.113281 0.137500
0 0.843349 0.560132 0.100781 0.108333
0 0.441025 0.522019 0.071094 0.144444
0 0.126570 0.451355 0.048437 0.113889
0 0.490707 0.599305 0.074219 0.105556
0 0.338750 0.519582 0.089844 0.102778
0 0.204305 0.482999 0.108594 0.090278
0 0.274609 0.593056 0.113281 0.125000
