0 0.584740 0.407517 0.078125 0.156944
0 0.659162 0.408499 0.061719 0.168056
0 0.899944 0.553857 0.104687 0.144444
0 0.901048 0.739504 0.104687 0.170833
0 0.598251 0.120373 0.085938 0.177778
0 0.164923 0.651472 0.114063 0.173611
0 0.110109 0.445816 0.089844 0.123611
0 0.525870 0.715417 0.085938 0.163889
0 0.933038 0.114936 0.090625 0.154167
0 0.108199 0.317000 0.075781 0.111111
0 0.100326 0.113280 0.132812 0.141667
0 0.296824 0.110310 0.117969 0.169444
0 0.184505 0.323312 0.068750 0.106944
0 0.197266 0.456250 0.092969 0.129167
0 0.115234 0.836806 0.135156 0.156944
