0 0.689950 0.172330 0.070312 0.163889
0 0.771271 0.189841 0.091406 0.130556
0 0.373145 0.494350 0.082031 0.155556
0 0.365601 0.608796 0.110937 0.111111
0 0.493834 0.498150 0.076563 0.120833
0 0.639130 0.422795 0.065625 0.145833
0 0.883523 0.396489 0.148438 0.101389
0 0.704331 0.458346 0.078906 0.088889
0 0.691070 0.550954 0.138281 0.094444
0 0.570289 0.445752 0.073437 0.138889
0 0.466444 0.640922 0.094531 0.137500
0 0.104297 0.576389 0.124219 0.141667
0 0.251953 0.487500 0.147656 0.127778
0 0.908984 0.554167 0.166406 0.100000
