0 0.693817 0.200351 0.075781 0.154167
0 0.666130 0.474334 0.082031 0.134722
0 0.753668 0.377765 0.099219 0.083333
0 0.475738 0.492740 0.071875 0.115278
0 0.832511 0.599753 0.110156 0.104167
0 0.811432 0.506889 0.107031 0.102778
0 0.796683 0.172678 0.060938 0.108333
0 0.729735 0.443760 0.062500 0.070833
0 0.511767 0.410431 0.068750 0.101389
0 0.579661 0.381093 0.096875 0.115278
0 0.720214 0.582300 0.111719 0.108333
0 0.318414 0.625081 0.098438 0.131944
0 0.399670 0.488345 0.083594 0.115278
0 0.066748 0.616197 0.130469 0.083333
0 0.566016 0.479167 0.063281 0.094444
0 0.242969 0.564583 0.115625 0.090278
0 0.176953 0.495833 0.142969 0.116667
