0 0.696083 0.179800 0.075781 0.154167
0 0.348285 0.636096 0.078906 0.130556
0 0.408875 0.467199 0.074219 0.134722
0 0.666125 0.474377 0.082031 0.134722
0 0.181016 0.491001 0.099219 0.129167
0 0.265010 0.428016 0.113281 0.113889
0 0.753628 0.377777 0.099219 0.083333
0 0.564991 0.338260 0.078125 0.126389
0 0.736007 0.461226 0.067188 0.086111
0 0.475778 0.488256 0.071875 0.115278
0 0.321884 0.532736 0.079687 0.083333
0 0.832378 0.600697 0.110156 0.104167
0 0.811337 0.506710 0.107031 0.102778
0 0.564577 0.481483 0.064062 0.095833
0 0.516778 0.407450 0.064844 0.101389
0 0.717628 0.582470 0.106250 0.104167
0 0.796875 0.170833 0.060938 0.108333
