0 0.292978 0.331954 0.112500 0.144444
0 0.308314 0.130934 0.098438 0.112500
0 0.565012 0.616567 0.096875 0.161111
0 0.947809 0.928744 0.102344 0.134722
0 0.354632 0.867563 0.067188 0.156944
0 0.295700 0.932325 0.061719 0.126389
0 0.440976 0.948812 0.092969 0.088889
0 0.416841 0.826492 0.061719 0.141667
0 0.545752 0.796701 0.105469 0.148611
0 0.216740 0.868947 0.085156 0.115278
0 0.670649 0.890943 0.094531 0.176389
0 0.548491 0.925360 0.062500 0.113889
0 0.058203 0.756944 0.116406 0.130556
0 0.049609 0.092361 0.094531 0.162500
0 0.759375 0.872222 0.092188 0.141667
