0 0.762297 0.179867 0.093750 0.155556
0 0.741321 0.364109 0.135937 0.122222
0 0.866012 0.465971 0.111719 0.123611
0 0.743474 0.458773 0.105469 0.111111
0 0.607203 0.501928 0.099219 0.088889
0 0.358377 0.450779 0.082813 0.109722
0 0.352668 0.580751 0.084375 0.129167
0 0.454264 0.522169 0.074219 0.125000
0 0.103819 0.597155 0.159375 0.105556
0 0.514195 0.430921 0.073437 0.140278
0 0.589078 0.406235 0.068750 0.106944
0 0.681853 0.663317 0.109375 0.137500
0 0.749802 0.588189 0.100781 0.104167
0 0.237751 0.619327 0.102344 0.091667
0 0.242969 0.524911 0.121875 0.086111
0 0.070560 0.188839 0.078906 0.094444
