0 0.701888 0.175548 0.075781 0.154167
0 0.776519 0.194056 0.079687 0.105556
0 0.413334 0.384878 0.067188 0.116667
0 0.370108 0.474742 0.085938 0.111111
0 0.564667 0.468191 0.075781 0.113889
0 0.168381 0.674040 0.138281 0.119444
0 0.744553 0.507683 0.104687 0.115278
0 0.660201 0.444262 0.065625 0.066667
0 0.471729 0.472251 0.067188 0.093056
0 0.193078 0.474962 0.151562 0.100000
0 0.651990 0.387414 0.088281 0.094444
0 0.657445 0.618077 0.092969 0.125000
0 0.749670 0.610143 0.101562 0.104167
0 0.143039 0.579583 0.121875 0.077778
0 0.915343 0.591070 0.117188 0.125000
0 0.478197 0.378398 0.087500 0.115278
0 0.814002 0.482627 0.085938 0.129167
0 0.062891 0.509722 0.110156 0.063889
