0 0.584679 0.407592 0.078125 0.156944
0 0.661965 0.415877 0.061719 0.168056
0 0.920641 0.099457 0.104687 0.155556
0 0.900815 0.553917 0.104687 0.144444
0 0.898670 0.735291 0.104687 0.170833
0 0.216463 0.063160 0.120312 0.123611
0 0.125379 0.051016 0.061719 0.100000
0 0.597649 0.116422 0.085938 0.177778
0 0.177847 0.649920 0.114063 0.173611
0 0.103323 0.305253 0.066406 0.147222
0 0.101870 0.415716 0.085938 0.144444
0 0.105301 0.934207 0.125000 0.127778
0 0.175205 0.324473 0.079687 0.118056
0 0.201819 0.453362 0.115625 0.118056
0 0.520703 0.736806 0.096094 0.145833
0 0.203906 0.909722 0.126563 0.177778
