0 0.689969 0.172293 0.070312 0.163889
0 0.771130 0.190002 0.091406 0.130556
0 0.373114 0.494377 0.082031 0.155556
0 0.365225 0.609088 0.110937 0.111111
0 0.455565 0.628446 0.084375 0.125000
0 0.493738 0.498138 0.076563 0.120833
0 0.577664 0.452799 0.069531 0.163889
0 0.639088 0.422844 0.065625 0.145833
0 0.223902 0.571801 0.137500 0.097222
0 0.911719 0.554861 0.159375 0.115278
0 0.883594 0.396528 0.148438 0.101389
0 0.704297 0.458333 0.078906 0.088889
0 0.698828 0.550000 0.138281 0.094444
0 0.261719 0.493750 0.104687 0.109722
0 0.127344 0.506944 0.137500 0.083333
