0 0.292887 0.331633 0.112500 0.144444
0 0.565423 0.616835 0.096875 0.161111
0 0.306428 0.142648 0.091406 0.120833
0 0.292888 0.331633 0.112500 0.144444
0 0.565431 0.616831 0.096875 0.161111
0 0.306461 0.142615 0.091406 0.120833
0 0.292887 0.331632 0.112500 0.144444
0 0.565423 0.616835 0.096875 0.161111
0 0.306436 0.142643 0.091406 0.120833
0 0.292887 0.331632 0.112500 0.144444
0 0.565429 0.616820 0.096875 0.161111
0 0.306440 0.142636 0.091406 0.120833
0 0.222160 0.884099 0.053906 0.176389
0 0.421685 0.802052 0.073437 0.156944
0 0.109486 0.863913 0.131250 0.144444
0 0.307409 0.943951 0.102344 0.094444
0 0.680445 0.847926 0.104687 0.143056
0 0.294444 0.826472 0.078125 0.136111
0 0.915698 0.858589 0.124219 0.159722
0 0.459579 0.913440 0.066406 0.162500
0 0.799623 0.877554 0.105469 0.194444
0 0.692934 0.945765 0.100000 0.105556
0 0.565625 0.806944 0.073437 0.155556
