0 0.126095 0.050559 0.057031 0.100000
0 0.196633 0.330708 0.067969 0.105556
0 0.584743 0.407443 0.078125 0.156944
0 0.660364 0.416428 0.061719 0.168056
0 0.899777 0.553847 0.104687 0.144444
0 0.902138 0.741176 0.104687 0.170833
0 0.597902 0.120661 0.085938 0.177778
0 0.178420 0.650002 0.114063 0.173611
0 0.097964 0.457480 0.089844 0.123611
0 0.109409 0.323308 0.050781 0.137500
0 0.525843 0.715435 0.085938 0.163889
0 0.932149 0.114473 0.090625 0.154167
0 0.178490 0.469314 0.096094 0.138889
0 0.189656 0.138793 0.128125 0.154167
0 0.115625 0.844444 0.157813 0.166667
