0 0.692193 0.425648 0.114063 0.115278
0 0.747791 0.207326 0.121875 0.154167
0 0.582592 0.456366 0.095312 0.140278
0 0.590440 0.635308 0.097656 0.143056
0 0.363687 0.560613 0.122656 0.127778
0 0.237376 0.499968 0.098438 0.136111
0 0.479703 0.472451 0.071875 0.155556
0 0.344930 0.425147 0.099219 0.111111
0 0.829719 0.491618 0.104687 0.133333
0 0.922970 0.413970 0.147656 0.122222
0 0.722595 0.547177 0.135937 0.102778
0 0.140361 0.458554 0.100781 0.147222
0 0.749266 0.653352 0.145313 0.120833
0 0.052228 0.388462 0.096094 0.081944
0 0.086328 0.586806 0.171094 0.112500
