0 0.756879 0.195261 0.093750 0.155556
0 0.080939 0.201592 0.075000 0.093056
0 0.372369 0.616382 0.097656 0.087500
0 0.371702 0.520611 0.087500 0.105556
0 0.475853 0.457517 0.078125 0.090278
0 0.614037 0.429792 0.082813 0.109722
0 0.755261 0.663470 0.091406 0.122222
0 0.800883 0.372227 0.117188 0.136111
0 0.808788 0.497487 0.114063 0.105556
0 0.932437 0.462645 0.132031 0.091667
0 0.465050 0.581975 0.081250 0.111111
0 0.808650 0.607730 0.103125 0.109722
0 0.558135 0.508257 0.074219 0.102778
0 0.176242 0.595788 0.169531 0.102778
0 0.689283 0.521141 0.085938 0.104167
0 0.676836 0.388294 0.078906 0.123611
