0 0.689962 0.172261 0.070312 0.163889
0 0.450670 0.609818 0.092188 0.106944
0 0.770341 0.186489 0.091406 0.130556
0 0.666064 0.453068 0.094531 0.136111
0 0.781266 0.574067 0.147656 0.123611
0 0.552987 0.658150 0.088281 0.116667
0 0.742929 0.429890 0.075000 0.159722
0 0.448823 0.499503 0.078906 0.134722
0 0.580388 0.535770 0.107813 0.129167
0 0.802082 0.475473 0.082031 0.098611
0 0.350261 0.466013 0.083594 0.123611
0 0.334223 0.602342 0.118750 0.129167
0 0.137891 0.538194 0.175781 0.129167
0 0.257422 0.438889 0.089844 0.141667
