0 0.701453 0.175622 0.075781 0.154167
0 0.778301 0.196719 0.079687 0.105556
0 0.413424 0.384934 0.067188 0.116667
0 0.370058 0.474799 0.085938 0.111111
0 0.564660 0.468196 0.075781 0.113889
0 0.168273 0.673399 0.138281 0.119444
0 0.744526 0.507630 0.104687 0.115278
0 0.660233 0.444258 0.065625 0.066667
0 0.472432 0.475494 0.067188 0.093056
0 0.193080 0.474905 0.151562 0.100000
0 0.061214 0.504266 0.116406 0.090278
0 0.652040 0.387296 0.088281 0.094444
0 0.657755 0.615272 0.092969 0.125000
0 0.749720 0.610168 0.101562 0.104167
0 0.141963 0.569195 0.121875 0.077778
0 0.910660 0.591708 0.117188 0.125000
0 0.478256 0.378318 0.087500 0.115278
0 0.814062 0.482639 0.085938 0.129167
