0 0.584707 0.407616 0.078125 0.156944
0 0.661382 0.416384 0.061719 0.168056
0 0.935424 0.140520 0.104687 0.155556
0 0.900861 0.553884 0.104687 0.144444
0 0.902690 0.744153 0.104687 0.170833
0 0.216448 0.063284 0.120312 0.123611
0 0.597748 0.117667 0.085938 0.177778
0 0.178057 0.649740 0.114063 0.173611
0 0.174763 0.324035 0.079687 0.118056
0 0.209552 0.465822 0.115625 0.118056
0 0.519568 0.736595 0.096094 0.145833
0 0.097353 0.450556 0.089844 0.123611
0 0.114181 0.314265 0.050781 0.137500
0 0.153467 0.882193 0.141406 0.184722
