0 0.700949 0.174709 0.075781 0.154167
0 0.778041 0.192269 0.079687 0.105556
0 0.413514 0.384571 0.067188 0.116667
0 0.370101 0.475118 0.085938 0.111111
0 0.702271 0.371516 0.101562 0.093056
0 0.564582 0.468255 0.075781 0.113889
0 0.484349 0.354900 0.081250 0.118056
0 0.163374 0.671613 0.138281 0.119444
0 0.121297 0.582525 0.137500 0.083333
0 0.745158 0.635246 0.096875 0.113889
0 0.744533 0.507678 0.104687 0.115278
0 0.660198 0.444253 0.065625 0.066667
0 0.471943 0.478743 0.067188 0.093056
0 0.192987 0.474993 0.151562 0.100000
0 0.659766 0.604861 0.094531 0.123611
0 0.825000 0.510417 0.090625 0.104167
0 0.906641 0.583333 0.108594 0.125000
