0 0.690079 0.172203 0.070312 0.163889
0 0.770279 0.189211 0.091406 0.130556
0 0.666013 0.452755 0.094531 0.136111
0 0.742998 0.429856 0.075000 0.159722
0 0.448804 0.499643 0.078906 0.134722
0 0.580376 0.535520 0.107813 0.129167
0 0.802016 0.475564 0.082031 0.098611
0 0.402696 0.599566 0.096094 0.113889
0 0.322740 0.488196 0.129688 0.106944
0 0.230679 0.566301 0.120312 0.119444
0 0.070539 0.620680 0.135937 0.120833
0 0.192170 0.456463 0.123438 0.134722
0 0.916406 0.393750 0.140625 0.098611
0 0.925781 0.581250 0.145313 0.129167
0 0.762109 0.572917 0.149219 0.126389
0 0.527734 0.656250 0.085156 0.131944
