0 0.584802 0.407327 0.078125 0.156944
0 0.594508 0.130315 0.085938 0.177778
0 0.167783 0.670738 0.114063 0.173611
0 0.526021 0.715457 0.085938 0.163889
0 0.928705 0.119107 0.090625 0.154167
0 0.970950 0.751583 0.064062 0.155556
0 0.908459 0.553460 0.110937 0.125000
0 0.092751 0.452853 0.075781 0.129167
0 0.121406 0.321560 0.043750 0.100000
0 0.892736 0.735374 0.082813 0.126389
0 0.187251 0.091291 0.111719 0.147222
0 0.253499 0.367140 0.120312 0.112500
0 0.173213 0.319618 0.046094 0.097222
0 0.196834 0.470143 0.088281 0.113889
0 0.653240 0.421263 0.057031 0.112500
0 0.337611 0.183927 0.076563 0.113889
0 0.059766 0.102083 0.117969 0.137500
