0 0.688410 0.175159 0.076563 0.156944
0 0.378148 0.363893 0.082813 0.130556
0 0.656614 0.395227 0.078906 0.076389
0 0.651694 0.448428 0.051562 0.040278
0 0.695052 0.532530 0.067969 0.079167
0 0.727489 0.621666 0.089062 0.112500
0 0.472247 0.379740 0.092969 0.123611
0 0.777332 0.505658 0.101562 0.088889
0 0.434569 0.481082 0.089062 0.104167
0 0.312387 0.477823 0.109375 0.097222
0 0.833172 0.586474 0.110156 0.109722
0 0.755179 0.175543 0.061719 0.106944
0 0.544141 0.465972 0.082031 0.115278
0 0.611328 0.631944 0.094531 0.130556
0 0.179688 0.599306 0.139062 0.112500
