0 0.109001 0.332740 0.062500 0.126389
0 0.584492 0.407297 0.078125 0.156944
0 0.663437 0.415937 0.061719 0.168056
0 0.921756 0.093172 0.104687 0.155556
0 0.901691 0.553945 0.104687 0.144444
0 0.903795 0.745935 0.104687 0.170833
0 0.216705 0.062777 0.120312 0.123611
0 0.124870 0.051130 0.061719 0.100000
0 0.226646 0.926408 0.115625 0.143056
0 0.184744 0.329935 0.081250 0.104167
0 0.351267 0.916498 0.110156 0.163889
0 0.597290 0.117047 0.085938 0.177778
0 0.088892 0.422716 0.076563 0.126389
0 0.166426 0.656476 0.112500 0.173611
0 0.197600 0.468844 0.109375 0.136111
0 0.580469 0.812500 0.123438 0.194444
