0 0.757053 0.195794 0.093750 0.155556
0 0.080367 0.200382 0.075000 0.093056
0 0.372409 0.616402 0.097656 0.087500
0 0.371688 0.520694 0.087500 0.105556
0 0.475752 0.457581 0.078125 0.090278
0 0.568961 0.523628 0.071875 0.095833
0 0.614081 0.429899 0.082813 0.109722
0 0.701113 0.425726 0.082031 0.104167
0 0.755050 0.661771 0.091406 0.122222
0 0.800786 0.372235 0.117188 0.136111
0 0.188003 0.589501 0.138281 0.098611
0 0.449320 0.580363 0.077344 0.119444
0 0.804176 0.598095 0.095312 0.094444
0 0.808216 0.498241 0.114063 0.105556
0 0.173073 0.470724 0.172656 0.119444
0 0.932415 0.462578 0.132031 0.091667
0 0.684766 0.515278 0.085156 0.094444
