0 0.755598 0.186895 0.093750 0.155556
0 0.080604 0.201795 0.075000 0.093056
0 0.619725 0.405180 0.079687 0.111111
0 0.501583 0.516574 0.070312 0.119444
0 0.686077 0.686735 0.089844 0.122222
0 0.741343 0.364041 0.135937 0.122222
0 0.737150 0.589690 0.103906 0.122222
0 0.866073 0.465990 0.111719 0.123611
0 0.239809 0.645033 0.101562 0.108333
0 0.538890 0.442891 0.095312 0.127778
0 0.742910 0.458043 0.105469 0.111111
0 0.632031 0.520139 0.090625 0.101389
0 0.103906 0.603472 0.146875 0.106944
0 0.591016 0.054861 0.096094 0.106944
0 0.258984 0.530556 0.116406 0.105556
0 0.370703 0.437500 0.097656 0.105556
0 0.391797 0.570833 0.083594 0.111111
