0 0.757050 0.195588 0.093750 0.155556
0 0.080701 0.200500 0.075000 0.093056
0 0.372329 0.616302 0.097656 0.087500
0 0.371695 0.520602 0.087500 0.105556
0 0.475879 0.457575 0.078125 0.090278
0 0.614017 0.429747 0.082813 0.109722
0 0.755303 0.663560 0.091406 0.122222
0 0.800897 0.372099 0.117188 0.136111
0 0.808726 0.495566 0.114063 0.105556
0 0.932431 0.462667 0.132031 0.091667
0 0.462703 0.588657 0.081250 0.111111
0 0.808995 0.608692 0.103125 0.109722
0 0.558175 0.508255 0.074219 0.102778
0 0.176187 0.595836 0.169531 0.102778
0 0.690528 0.521597 0.085938 0.104167
0 0.676913 0.388358 0.078906 0.123611
