0 0.791206 0.203300 0.076563 0.175000
0 0.931694 0.411688 0.132031 0.087500
0 0.276220 0.468128 0.094531 0.138889
0 0.448355 0.376672 0.086719 0.145833
0 0.468044 0.483221 0.095312 0.141667
0 0.107487 0.535588 0.148438 0.115278
0 0.682344 0.165099 0.089062 0.155556
0 0.588667 0.385978 0.108594 0.127778
0 0.677776 0.443805 0.091406 0.140278
0 0.810621 0.510537 0.107031 0.106944
0 0.571070 0.547361 0.096875 0.115278
0 0.173438 0.486111 0.107813 0.130556
0 0.108203 0.643056 0.136719 0.113889
0 0.349219 0.489583 0.075000 0.131944
0 0.364453 0.374306 0.092969 0.143056
