0 0.584791 0.407596 0.078125 0.156944
0 0.595049 0.130945 0.085938 0.177778
0 0.526044 0.715491 0.085938 0.163889
0 0.913484 0.085070 0.090625 0.154167
0 0.970916 0.751649 0.064062 0.155556
0 0.909013 0.553529 0.110937 0.125000
0 0.096012 0.456130 0.075781 0.129167
0 0.107139 0.309338 0.043750 0.100000
0 0.894114 0.743089 0.082813 0.126389
0 0.221664 0.336018 0.120312 0.112500
0 0.188159 0.457376 0.088281 0.113889
0 0.654166 0.421319 0.057031 0.112500
0 0.177487 0.091850 0.091406 0.168056
0 0.175000 0.647917 0.132812 0.190278
0 0.063281 0.126389 0.123438 0.152778
0 0.268750 0.159722 0.068750 0.102778
