0 0.689895 0.172431 0.070312 0.163889
0 0.774062 0.188611 0.091406 0.130556
0 0.556743 0.450337 0.066406 0.144444
0 0.614763 0.424216 0.065625 0.126389
0 0.462923 0.513086 0.080469 0.120833
0 0.170723 0.445813 0.182031 0.116667
0 0.323843 0.440017 0.115625 0.119444
0 0.687888 0.465136 0.083594 0.105556
0 0.791735 0.397199 0.133594 0.105556
0 0.160454 0.570413 0.148438 0.122222
0 0.405057 0.636156 0.119531 0.155556
0 0.821175 0.551193 0.153125 0.144444
0 0.653497 0.589356 0.103906 0.155556
0 0.288914 0.536351 0.108594 0.140278
