0 0.584687 0.407557 0.078125 0.156944
0 0.661198 0.416091 0.061719 0.168056
0 0.922043 0.095602 0.104687 0.155556
0 0.900976 0.553839 0.104687 0.144444
0 0.902612 0.743761 0.104687 0.170833
0 0.216489 0.063043 0.120312 0.123611
0 0.125724 0.051716 0.061719 0.100000
0 0.597784 0.116156 0.085938 0.177778
0 0.177738 0.649336 0.114063 0.173611
0 0.104251 0.305242 0.066406 0.147222
0 0.175801 0.324357 0.079687 0.118056
0 0.206152 0.458479 0.115625 0.118056
0 0.520223 0.736921 0.096094 0.145833
0 0.167406 0.895271 0.142969 0.206944
0 0.100391 0.452083 0.089844 0.123611
