0 0.689962 0.172269 0.070312 0.163889
0 0.771398 0.190179 0.091406 0.130556
0 0.924804 0.570329 0.150000 0.113889
0 0.867708 0.399495 0.138281 0.105556
0 0.373157 0.494316 0.082031 0.155556
0 0.365041 0.608718 0.110937 0.111111
0 0.455521 0.628376 0.084375 0.125000
0 0.493757 0.498348 0.076563 0.120833
0 0.722733 0.552304 0.124219 0.133333
0 0.733118 0.452006 0.105469 0.084722
0 0.577659 0.452764 0.069531 0.163889
0 0.639217 0.422900 0.065625 0.145833
0 0.224219 0.572222 0.137500 0.097222
0 0.136719 0.497222 0.109375 0.100000
0 0.257812 0.484028 0.115625 0.115278
