0 0.692201 0.425565 0.114063 0.115278
0 0.747874 0.207203 0.121875 0.154167
0 0.582461 0.456309 0.095312 0.140278
0 0.237334 0.499740 0.098438 0.136111
0 0.344898 0.425101 0.099219 0.111111
0 0.722824 0.546765 0.135937 0.102778
0 0.748657 0.648372 0.145313 0.120833
0 0.138514 0.455020 0.095312 0.137500
0 0.582844 0.638285 0.113281 0.180556
0 0.471972 0.456852 0.068750 0.188889
0 0.826643 0.438290 0.109375 0.138889
0 0.355217 0.534093 0.127344 0.100000
0 0.084263 0.567588 0.142188 0.093056
0 0.927344 0.422917 0.095312 0.143056
