0 0.584859 0.407119 0.078125 0.156944
0 0.671137 0.415323 0.061719 0.168056
0 0.599372 0.121716 0.085938 0.177778
0 0.166379 0.645949 0.114063 0.173611
0 0.525951 0.715478 0.085938 0.163889
0 0.926803 0.115526 0.090625 0.154167
0 0.970978 0.751582 0.064062 0.155556
0 0.907833 0.553268 0.110937 0.125000
0 0.139743 0.125784 0.050781 0.098611
0 0.099298 0.454708 0.075781 0.129167
0 0.327046 0.351485 0.065625 0.111111
0 0.121876 0.322226 0.043750 0.100000
0 0.223266 0.344293 0.140625 0.169444
0 0.189439 0.459681 0.096094 0.100000
0 0.222493 0.126942 0.115625 0.156944
0 0.050781 0.098611 0.100000 0.119444
0 0.899219 0.754861 0.082813 0.126389
0 0.143750 0.928472 0.132812 0.137500
