0 0.761763 0.180465 0.093750 0.155556
0 0.741290 0.364198 0.135937 0.122222
0 0.866082 0.465965 0.111719 0.123611
0 0.745254 0.457895 0.105469 0.111111
0 0.612365 0.510581 0.099219 0.088889
0 0.358451 0.450791 0.082813 0.109722
0 0.354994 0.581595 0.084375 0.129167
0 0.454262 0.522391 0.074219 0.125000
0 0.104172 0.596932 0.159375 0.105556
0 0.514210 0.430924 0.073437 0.140278
0 0.589005 0.406268 0.068750 0.106944
0 0.681968 0.663313 0.109375 0.137500
0 0.753314 0.585904 0.100781 0.104167
0 0.237891 0.619444 0.102344 0.091667
0 0.242969 0.525000 0.121875 0.086111
0 0.070703 0.187500 0.078906 0.094444
