0 0.760654 0.203582 0.082813 0.147222
0 0.680226 0.416146 0.075781 0.100000
0 0.921955 0.427710 0.143750 0.141667
0 0.888842 0.625805 0.157031 0.116667
0 0.794886 0.439604 0.108594 0.140278
0 0.436697 0.436849 0.093750 0.143056
0 0.261818 0.553305 0.138281 0.104167
0 0.139816 0.485418 0.107813 0.109722
0 0.237956 0.456251 0.103906 0.101389
0 0.525359 0.433495 0.064844 0.188889
0 0.673102 0.504196 0.157813 0.105556
0 0.345673 0.415299 0.097656 0.144444
0 0.411291 0.555506 0.117188 0.127778
0 0.091016 0.592361 0.157031 0.120833
