0 0.755577 0.185290 0.093750 0.155556
0 0.080574 0.202230 0.075000 0.093056
0 0.619400 0.407274 0.079687 0.111111
0 0.642329 0.509589 0.092188 0.125000
0 0.501629 0.516537 0.070312 0.119444
0 0.688007 0.669672 0.089844 0.122222
0 0.741353 0.364038 0.135937 0.122222
0 0.132858 0.610542 0.152344 0.113889
0 0.543737 0.447916 0.079687 0.108333
0 0.742314 0.587130 0.103906 0.122222
0 0.751629 0.453849 0.117188 0.106944
0 0.266731 0.514205 0.115625 0.137500
0 0.391827 0.572517 0.081250 0.108333
0 0.866016 0.465972 0.111719 0.123611
0 0.515234 0.261111 0.110156 0.161111
0 0.237500 0.643056 0.101562 0.108333
0 0.396484 0.452083 0.100781 0.109722
