0 0.690032 0.172311 0.070312 0.163889
0 0.772416 0.189499 0.091406 0.130556
0 0.493726 0.498430 0.076563 0.120833
0 0.639138 0.422785 0.065625 0.145833
0 0.570305 0.445835 0.073437 0.138889
0 0.155282 0.478810 0.069531 0.125000
0 0.075759 0.544218 0.128906 0.108333
0 0.671230 0.593921 0.094531 0.144444
0 0.364421 0.499999 0.068750 0.113889
0 0.244484 0.480474 0.121875 0.138889
0 0.416084 0.631563 0.077344 0.148611
0 0.697743 0.490207 0.079687 0.091667
0 0.321484 0.565972 0.086719 0.115278
0 0.821484 0.559722 0.136719 0.150000
0 0.796484 0.403472 0.136719 0.129167
