0 0.686063 0.174870 0.076563 0.205556
0 0.783078 0.179835 0.076563 0.175000
0 0.573096 0.368215 0.082031 0.155556
0 0.496028 0.389215 0.065625 0.140278
0 0.693709 0.366781 0.109375 0.136111
0 0.789451 0.440315 0.103906 0.138889
0 0.931664 0.411713 0.132031 0.087500
0 0.125014 0.657367 0.149219 0.116667
0 0.109534 0.545524 0.140625 0.101389
0 0.673948 0.542751 0.107813 0.161111
0 0.166344 0.440402 0.135937 0.113889
0 0.300781 0.471528 0.126563 0.137500
0 0.413672 0.437500 0.088281 0.175000
0 0.564062 0.474306 0.085938 0.129167
