0 0.691108 0.336460 0.107031 0.133333
0 0.687406 0.482272 0.098438 0.115278
0 0.691108 0.336460 0.107031 0.133333
0 0.687403 0.482273 0.098438 0.115278
0 0.786771 0.293375 0.078906 0.113889
0 0.257810 0.419345 0.120312 0.127778
0 0.099534 0.327652 0.147656 0.133333
0 0.488683 0.409032 0.074219 0.140278
0 0.501645 0.590531 0.085938 0.130556
0 0.088672 0.458333 0.161719 0.100000
0 0.364062 0.550694 0.121875 0.115278
0 0.494922 0.702083 0.097656 0.134722
0 0.387891 0.422222 0.092969 0.122222
0 0.238281 0.834722 0.073437 0.177778
