0 0.697022 0.199560 0.075781 0.154167
0 0.413577 0.385146 0.067188 0.116667
0 0.564589 0.468152 0.075781 0.113889
0 0.660262 0.444178 0.065625 0.066667
0 0.651959 0.387258 0.088281 0.094444
0 0.720432 0.510880 0.096875 0.105556
0 0.372899 0.476319 0.093750 0.113889
0 0.237798 0.511556 0.121094 0.120833
0 0.466641 0.471736 0.057813 0.095833
0 0.805084 0.511160 0.077344 0.119444
0 0.645312 0.600000 0.096875 0.116667
0 0.782422 0.174306 0.096094 0.095833
0 0.905859 0.582639 0.113281 0.129167
0 0.751172 0.603472 0.110156 0.118056
0 0.183594 0.665278 0.143750 0.091667
0 0.110547 0.581944 0.130469 0.083333
0 0.479688 0.336111 0.081250 0.130556
