0 0.292943 0.331778 0.112500 0.144444
0 0.565231 0.616744 0.096875 0.161111
0 0.759689 0.872302 0.092188 0.141667
0 0.308079 0.166268 0.091406 0.120833
0 0.292944 0.331778 0.112500 0.144444
0 0.565234 0.616742 0.096875 0.161111
0 0.759691 0.872304 0.092188 0.141667
0 0.308080 0.166267 0.091406 0.120833
0 0.292943 0.331778 0.112500 0.144444
0 0.565231 0.616745 0.096875 0.161111
0 0.759689 0.872302 0.092188 0.141667
0 0.308079 0.166269 0.091406 0.120833
0 0.292943 0.331778 0.112500 0.144444
0 0.565231 0.616739 0.096875 0.161111
0 0.759692 0.872304 0.092188 0.141667
0 0.308079 0.166267 0.091406 0.120833
0 0.875070 0.911056 0.115625 0.166667
0 0.481196 0.776471 0.087500 0.130556
0 0.297758 0.868311 0.070312 0.188889
0 0.481229 0.907159 0.060938 0.111111
0 0.378417 0.933169 0.085156 0.108333
0 0.163608 0.827740 0.122656 0.155556
0 0.636349 0.835327 0.080469 0.181944
0 0.364453 0.803472 0.064844 0.143056
