0 0.292898 0.331694 0.112500 0.144444
0 0.565385 0.616821 0.096875 0.161111
0 0.296400 0.115660 0.091406 0.120833
0 0.292899 0.331694 0.112500 0.144444
0 0.565393 0.616818 0.096875 0.161111
0 0.296409 0.115653 0.091406 0.120833
0 0.292898 0.331694 0.112500 0.144444
0 0.565385 0.616821 0.096875 0.161111
0 0.296403 0.115659 0.091406 0.120833
0 0.292898 0.331694 0.112500 0.144444
0 0.565388 0.616811 0.096875 0.161111
0 0.296403 0.115657 0.091406 0.120833
0 0.222215 0.884061 0.053906 0.176389
0 0.421832 0.802006 0.073437 0.156944
0 0.109442 0.863842 0.131250 0.144444
0 0.307436 0.943985 0.102344 0.094444
0 0.472629 0.905556 0.046875 0.161111
0 0.680618 0.847942 0.104687 0.143056
0 0.676885 0.941090 0.110156 0.115278
0 0.565739 0.800740 0.075000 0.161111
0 0.810071 0.900242 0.118750 0.191667
0 0.298438 0.838889 0.076563 0.150000
