0 0.292967 0.331972 0.112500 0.144444
0 0.307476 0.135244 0.098438 0.112500
0 0.565054 0.616694 0.096875 0.161111
0 0.947790 0.928492 0.102344 0.134722
0 0.354714 0.867514 0.067188 0.156944
0 0.540561 0.917938 0.068750 0.147222
0 0.295658 0.932285 0.061719 0.126389
0 0.440916 0.948844 0.092969 0.088889
0 0.416779 0.826599 0.061719 0.141667
0 0.693469 0.909457 0.097656 0.166667
0 0.546049 0.796587 0.105469 0.148611
0 0.216745 0.868771 0.085156 0.115278
0 0.791800 0.851619 0.108594 0.152778
0 0.835490 0.939589 0.121094 0.109722
0 0.045313 0.220833 0.090625 0.125000
