0 0.701877 0.170695 0.075781 0.154167
0 0.753666 0.377920 0.099219 0.083333
0 0.832475 0.600176 0.110156 0.104167
0 0.811431 0.506909 0.107031 0.102778
0 0.796457 0.176298 0.060938 0.108333
0 0.729713 0.443732 0.062500 0.070833
0 0.722697 0.582688 0.111719 0.108333
0 0.235394 0.542975 0.121094 0.087500
0 0.347809 0.504616 0.095312 0.126389
0 0.490600 0.376777 0.075000 0.136111
0 0.564912 0.355483 0.085938 0.147222
0 0.113369 0.506461 0.132812 0.140278
0 0.660547 0.440278 0.083594 0.161111
0 0.239453 0.661111 0.116406 0.144444
0 0.438281 0.501389 0.079687 0.122222
0 0.550391 0.489583 0.072656 0.118056
