0 0.689787 0.172288 0.070312 0.163889
0 0.642434 0.496564 0.089844 0.123611
0 0.541342 0.509028 0.082813 0.145833
0 0.771847 0.171566 0.092188 0.134722
0 0.743377 0.483961 0.125781 0.168056
0 0.629606 0.605445 0.084375 0.129167
0 0.735469 0.665921 0.113281 0.137500
0 0.843645 0.564493 0.100781 0.108333
0 0.441042 0.521865 0.071094 0.144444
0 0.483248 0.599795 0.074219 0.105556
0 0.336690 0.490236 0.084375 0.119444
0 0.237121 0.435389 0.119531 0.148611
0 0.129332 0.424306 0.091406 0.095833
0 0.284243 0.589561 0.114063 0.123611
0 0.108203 0.598611 0.146094 0.133333
