0 0.689945 0.172339 0.070312 0.163889
0 0.771133 0.188347 0.091406 0.130556
0 0.493781 0.498057 0.076563 0.120833
0 0.639146 0.422863 0.065625 0.145833
0 0.704319 0.458337 0.078906 0.088889
0 0.570254 0.445804 0.073437 0.138889
0 0.155187 0.478577 0.069531 0.125000
0 0.075860 0.544211 0.128906 0.108333
0 0.438187 0.633777 0.089062 0.141667
0 0.671967 0.589075 0.094531 0.144444
0 0.364348 0.499744 0.068750 0.113889
0 0.797322 0.422307 0.107031 0.102778
0 0.827787 0.587501 0.135937 0.130556
0 0.341430 0.599337 0.101562 0.098611
0 0.244500 0.480516 0.121875 0.138889
