0 0.692310 0.425588 0.114063 0.115278
0 0.747728 0.207469 0.121875 0.154167
0 0.582704 0.456326 0.095312 0.140278
0 0.368939 0.564062 0.122656 0.127778
0 0.237255 0.499712 0.098438 0.136111
0 0.344879 0.425048 0.099219 0.111111
0 0.722626 0.547079 0.135937 0.102778
0 0.748190 0.651955 0.145313 0.120833
0 0.138545 0.455065 0.095312 0.137500
0 0.583452 0.639344 0.113281 0.180556
0 0.472025 0.456757 0.068750 0.188889
0 0.915096 0.570736 0.159375 0.115278
0 0.819130 0.438801 0.113281 0.136111
0 0.921971 0.415184 0.109375 0.138889
0 0.079687 0.573611 0.128125 0.091667
