0 0.758877 0.181498 0.082813 0.147222
0 0.680285 0.416179 0.075781 0.100000
0 0.921887 0.427707 0.143750 0.141667
0 0.343395 0.441626 0.097656 0.113889
0 0.868296 0.601220 0.157031 0.116667
0 0.794887 0.439602 0.108594 0.140278
0 0.436720 0.436865 0.093750 0.143056
0 0.262207 0.553524 0.138281 0.104167
0 0.090598 0.584585 0.140625 0.122222
0 0.139787 0.485517 0.107813 0.109722
0 0.237949 0.456302 0.103906 0.101389
0 0.525389 0.433491 0.064844 0.188889
0 0.408235 0.596556 0.115625 0.138889
0 0.663281 0.511111 0.157813 0.105556
