0 0.584716 0.407546 0.078125 0.156944
0 0.659576 0.410197 0.061719 0.168056
0 0.598565 0.120148 0.085938 0.177778
0 0.166417 0.653186 0.114063 0.173611
0 0.107562 0.439973 0.089844 0.123611
0 0.525899 0.715452 0.085938 0.163889
0 0.926564 0.115509 0.090625 0.154167
0 0.197789 0.455625 0.092969 0.129167
0 0.964845 0.757168 0.064062 0.155556
0 0.908408 0.553382 0.110937 0.125000
0 0.181522 0.317469 0.083594 0.115278
0 0.111934 0.306761 0.061719 0.105556
0 0.087952 0.905365 0.132031 0.169444
0 0.173447 0.100283 0.050781 0.098611
0 0.254297 0.113194 0.105469 0.165278
0 0.063281 0.090278 0.123438 0.130556
0 0.382031 0.091667 0.104687 0.175000
