0 0.109105 0.333004 0.062500 0.126389
0 0.584526 0.407242 0.078125 0.156944
0 0.662291 0.416232 0.061719 0.168056
0 0.919383 0.107830 0.104687 0.155556
0 0.901568 0.553957 0.104687 0.144444
0 0.904112 0.746061 0.104687 0.170833
0 0.216765 0.062637 0.120312 0.123611
0 0.124859 0.051019 0.061719 0.100000
0 0.226657 0.926855 0.115625 0.143056
0 0.184073 0.330320 0.081250 0.104167
0 0.352244 0.917434 0.110156 0.163889
0 0.597484 0.116857 0.085938 0.177778
0 0.098615 0.441591 0.076563 0.126389
0 0.198195 0.458912 0.109375 0.136111
0 0.168750 0.647917 0.114063 0.173611
0 0.500000 0.714583 0.082813 0.156944
