0 0.756188 0.184224 0.093750 0.155556
0 0.080533 0.200985 0.075000 0.093056
0 0.402309 0.459636 0.085938 0.108333
0 0.392331 0.597825 0.074219 0.113889
0 0.619611 0.405770 0.079687 0.111111
0 0.643468 0.511592 0.092188 0.125000
0 0.501590 0.516703 0.070312 0.119444
0 0.736867 0.450695 0.123438 0.112500
0 0.686509 0.658334 0.089844 0.122222
0 0.768772 0.586600 0.103906 0.116667
0 0.875081 0.454867 0.132812 0.109722
0 0.741375 0.363959 0.135937 0.122222
0 0.278185 0.616670 0.106250 0.080556
0 0.132178 0.611425 0.152344 0.113889
0 0.184766 0.321528 0.114844 0.123611
0 0.298047 0.527778 0.097656 0.102778
0 0.543750 0.448611 0.079687 0.108333
