0 0.692229 0.425588 0.114063 0.115278
0 0.747777 0.207344 0.121875 0.154167
0 0.582477 0.456334 0.095312 0.140278
0 0.237340 0.499842 0.098438 0.136111
0 0.344892 0.425042 0.099219 0.111111
0 0.722677 0.547042 0.135937 0.102778
0 0.748416 0.651512 0.145313 0.120833
0 0.138467 0.455002 0.095312 0.137500
0 0.582871 0.638416 0.113281 0.180556
0 0.472027 0.456646 0.068750 0.188889
0 0.819160 0.438848 0.113281 0.136111
0 0.921964 0.415477 0.109375 0.138889
0 0.072915 0.580959 0.145313 0.118056
0 0.909476 0.606749 0.166406 0.131944
0 0.355737 0.535784 0.127344 0.100000
