0 0.750348 0.208240 0.089844 0.151389
0 0.501845 0.450145 0.074219 0.155556
0 0.447938 0.618663 0.105469 0.120833
0 0.589767 0.441627 0.090625 0.191667
0 0.683189 0.375616 0.102344 0.137500
0 0.852799 0.426406 0.108594 0.138889
0 0.761679 0.440950 0.067188 0.176389
0 0.885824 0.575932 0.127344 0.106944
0 0.356220 0.454344 0.081250 0.130556
0 0.249065 0.425699 0.120312 0.129167
0 0.422229 0.529488 0.105469 0.113889
0 0.112525 0.224432 0.139062 0.118056
0 0.114479 0.414408 0.147656 0.134722
0 0.296094 0.613889 0.126563 0.138889
