0 0.584820 0.407290 0.078125 0.156944
0 0.670307 0.415388 0.061719 0.168056
0 0.598364 0.120063 0.085938 0.177778
0 0.164181 0.649914 0.114063 0.173611
0 0.525937 0.715468 0.085938 0.163889
0 0.928481 0.115848 0.090625 0.154167
0 0.970966 0.751552 0.064062 0.155556
0 0.908200 0.553239 0.110937 0.125000
0 0.100510 0.914232 0.132031 0.169444
0 0.147241 0.106558 0.050781 0.098611
0 0.084248 0.448198 0.075781 0.129167
0 0.185175 0.452941 0.096094 0.109722
0 0.119563 0.324488 0.045313 0.076389
0 0.158700 0.327979 0.042188 0.100000
0 0.326734 0.351699 0.065625 0.111111
0 0.929354 0.852748 0.126563 0.150000
0 0.233055 0.330094 0.125000 0.131944
0 0.055321 0.083862 0.104687 0.120833
