0 0.689814 0.172218 0.070312 0.163889
0 0.563041 0.502651 0.067969 0.127778
0 0.560298 0.625749 0.085938 0.130556
0 0.616545 0.683568 0.080469 0.147222
0 0.650727 0.521334 0.132812 0.120833
0 0.750029 0.477807 0.092188 0.161111
0 0.282893 0.476009 0.107813 0.119444
0 0.379527 0.495698 0.070312 0.122222
0 0.760207 0.179796 0.089844 0.126389
0 0.438681 0.642219 0.106250 0.127778
0 0.250758 0.585981 0.117188 0.119444
0 0.463656 0.515959 0.071094 0.137500
0 0.890912 0.554020 0.136719 0.113889
0 0.146484 0.534028 0.117969 0.120833
