0 0.689930 0.172358 0.070312 0.163889
0 0.771628 0.189917 0.091406 0.130556
0 0.493754 0.498105 0.076563 0.120833
0 0.639189 0.422948 0.065625 0.145833
0 0.570301 0.445824 0.073437 0.138889
0 0.155310 0.478776 0.069531 0.125000
0 0.075885 0.544188 0.128906 0.108333
0 0.671434 0.593738 0.094531 0.144444
0 0.364405 0.499904 0.068750 0.113889
0 0.797309 0.422129 0.107031 0.102778
0 0.836487 0.557535 0.135937 0.130556
0 0.341402 0.599215 0.101562 0.098611
0 0.244542 0.480623 0.121875 0.138889
0 0.416188 0.631529 0.077344 0.148611
0 0.697656 0.490278 0.079687 0.091667
