0 0.584747 0.407411 0.078125 0.156944
0 0.659792 0.416134 0.061719 0.168056
0 0.900546 0.553910 0.104687 0.144444
0 0.902307 0.741535 0.104687 0.170833
0 0.216420 0.063369 0.120312 0.123611
0 0.597671 0.119798 0.085938 0.177778
0 0.177987 0.649597 0.114063 0.173611
0 0.174437 0.323820 0.079687 0.118056
0 0.204645 0.444890 0.115625 0.118056
0 0.089970 0.454923 0.089844 0.123611
0 0.115293 0.314957 0.050781 0.137500
0 0.153090 0.886132 0.141406 0.184722
0 0.525830 0.715297 0.085938 0.163889
0 0.930891 0.114613 0.090625 0.154167
