0 0.584685 0.407488 0.078125 0.156944
0 0.661621 0.416033 0.061719 0.168056
0 0.921964 0.095977 0.104687 0.155556
0 0.901198 0.553951 0.104687 0.144444
0 0.902371 0.743252 0.104687 0.170833
0 0.216470 0.063165 0.120312 0.123611
0 0.125792 0.051828 0.061719 0.100000
0 0.597859 0.116764 0.085938 0.177778
0 0.177557 0.649210 0.114063 0.173611
0 0.105032 0.305359 0.066406 0.147222
0 0.175989 0.324543 0.079687 0.118056
0 0.205595 0.457660 0.115625 0.118056
0 0.520409 0.736748 0.096094 0.145833
0 0.167157 0.894859 0.142969 0.206944
0 0.097266 0.443750 0.089844 0.140278
