0 0.292897 0.331706 0.112500 0.144444
0 0.565448 0.616587 0.096875 0.161111
0 0.298791 0.127080 0.091406 0.120833
0 0.292898 0.331706 0.112500 0.144444
0 0.565455 0.616584 0.096875 0.161111
0 0.298800 0.127073 0.091406 0.120833
0 0.292897 0.331706 0.112500 0.144444
0 0.565448 0.616587 0.096875 0.161111
0 0.298794 0.127078 0.091406 0.120833
0 0.292897 0.331706 0.112500 0.144444
0 0.565452 0.616582 0.096875 0.161111
0 0.298794 0.127077 0.091406 0.120833
0 0.222171 0.884047 0.053906 0.176389
0 0.421726 0.801949 0.073437 0.156944
0 0.109411 0.863901 0.131250 0.144444
0 0.307381 0.943884 0.102344 0.094444
0 0.472667 0.905777 0.046875 0.161111
0 0.680625 0.848075 0.104687 0.143056
0 0.676838 0.940970 0.110156 0.115278
0 0.559024 0.794501 0.075000 0.161111
0 0.810172 0.900115 0.118750 0.191667
0 0.294483 0.826434 0.078125 0.136111
