0 0.691047 0.336650 0.107031 0.133333
0 0.779353 0.330615 0.060938 0.125000
0 0.693926 0.472792 0.098438 0.115278
0 0.157442 0.357992 0.119531 0.108333
0 0.362255 0.552389 0.110937 0.116667
0 0.513546 0.446058 0.086719 0.137500
0 0.279314 0.393641 0.100781 0.145833
0 0.501452 0.608155 0.087500 0.154167
0 0.691047 0.336650 0.107031 0.133333
0 0.779353 0.330617 0.060938 0.125000
0 0.693926 0.472793 0.098438 0.115278
0 0.157439 0.357991 0.119531 0.108333
0 0.362255 0.552386 0.110937 0.116667
0 0.513546 0.446058 0.086719 0.137500
0 0.279315 0.393639 0.100781 0.145833
0 0.501453 0.608155 0.087500 0.154167
0 0.051347 0.360617 0.092969 0.123611
0 0.137267 0.428443 0.149219 0.086111
0 0.410937 0.398611 0.084375 0.136111
