0 0.755569 0.186709 0.093750 0.155556
0 0.080361 0.201987 0.075000 0.093056
0 0.619657 0.404897 0.079687 0.111111
0 0.501554 0.516671 0.070312 0.119444
0 0.688672 0.672830 0.089844 0.122222
0 0.741340 0.364046 0.135937 0.122222
0 0.866071 0.465941 0.111719 0.123611
0 0.238279 0.647654 0.101562 0.108333
0 0.538569 0.442821 0.095312 0.127778
0 0.744307 0.459767 0.105469 0.111111
0 0.093288 0.613701 0.146875 0.106944
0 0.259112 0.530379 0.116406 0.105556
0 0.370677 0.437532 0.097656 0.105556
0 0.754167 0.594828 0.101562 0.115278
0 0.383203 0.556944 0.080469 0.116667
0 0.641016 0.488889 0.099219 0.088889
