0 0.564538 0.468318 0.075781 0.113889
0 0.660312 0.444490 0.065625 0.066667
0 0.720473 0.510875 0.096875 0.105556
0 0.688406 0.175274 0.076563 0.156944
0 0.765532 0.177385 0.050781 0.091667
0 0.808106 0.527972 0.083594 0.105556
0 0.312618 0.470256 0.096875 0.104167
0 0.638606 0.607788 0.091406 0.122222
0 0.454195 0.340494 0.087500 0.140278
0 0.182903 0.577560 0.135937 0.100000
0 0.378249 0.364327 0.082813 0.130556
0 0.728933 0.625754 0.096875 0.120833
0 0.445266 0.495688 0.076563 0.077778
0 0.882917 0.599985 0.096875 0.125000
0 0.604688 0.227083 0.104687 0.165278
