0 0.582499 0.456322 0.095312 0.140278
0 0.237325 0.499569 0.098438 0.136111
0 0.344832 0.425170 0.099219 0.111111
0 0.719835 0.537234 0.135937 0.102778
0 0.138321 0.454801 0.095312 0.137500
0 0.581488 0.637960 0.113281 0.180556
0 0.471888 0.456717 0.068750 0.188889
0 0.353906 0.532589 0.127344 0.100000
0 0.744999 0.654585 0.130469 0.126389
0 0.077751 0.568735 0.124219 0.102778
0 0.926203 0.424148 0.089844 0.140278
0 0.751704 0.204874 0.089844 0.151389
0 0.671094 0.318056 0.139062 0.113889
0 0.821875 0.430556 0.103125 0.141667
0 0.671875 0.429167 0.087500 0.094444
