0 0.489371 0.510407 0.083594 0.170833
0 0.150768 0.451983 0.139062 0.145833
0 0.692155 0.425529 0.114063 0.115278
0 0.748206 0.206438 0.121875 0.154167
0 0.052379 0.415886 0.104687 0.115278
0 0.254261 0.504340 0.124219 0.144444
0 0.345171 0.533351 0.111719 0.126389
0 0.729049 0.650497 0.146094 0.133333
0 0.843680 0.448592 0.126563 0.136111
0 0.090234 0.588194 0.175781 0.137500
0 0.951953 0.428472 0.089844 0.131944
0 0.362500 0.431944 0.082813 0.108333
0 0.582812 0.456250 0.095312 0.140278
0 0.714844 0.536806 0.135937 0.106944
0 0.588672 0.615972 0.097656 0.143056
