0 0.111806 0.333713 0.062500 0.126389
0 0.584466 0.407417 0.078125 0.156944
0 0.662219 0.416208 0.061719 0.168056
0 0.594150 0.126614 0.096875 0.163889
0 0.919470 0.109598 0.104687 0.155556
0 0.901647 0.553952 0.104687 0.144444
0 0.904036 0.744530 0.104687 0.170833
0 0.160184 0.686869 0.103906 0.163889
0 0.194987 0.460119 0.088281 0.108333
0 0.098496 0.453539 0.087500 0.120833
0 0.216265 0.063630 0.120312 0.123611
0 0.124290 0.051090 0.061719 0.100000
0 0.226807 0.927290 0.115625 0.143056
0 0.394141 0.654167 0.107031 0.213889
0 0.361719 0.922222 0.076563 0.152778
0 0.187109 0.315278 0.075781 0.113889
