0 0.755876 0.184875 0.093750 0.155556
0 0.080604 0.201858 0.075000 0.093056
0 0.387492 0.600840 0.074219 0.113889
0 0.619507 0.405702 0.079687 0.111111
0 0.641195 0.517914 0.092188 0.125000
0 0.501605 0.516630 0.070312 0.119444
0 0.688033 0.669637 0.089844 0.122222
0 0.741323 0.364141 0.135937 0.122222
0 0.133221 0.610491 0.152344 0.113889
0 0.546461 0.450019 0.079687 0.108333
0 0.747370 0.584578 0.103906 0.122222
0 0.752675 0.459725 0.117188 0.106944
0 0.398047 0.470139 0.082031 0.115278
0 0.387891 0.320833 0.116406 0.158333
0 0.266406 0.514583 0.115625 0.137500
0 0.272266 0.617361 0.096094 0.095833
0 0.856250 0.510417 0.082813 0.123611
