0 0.689934 0.172302 0.070312 0.163889
0 0.771211 0.188449 0.091406 0.130556
0 0.493795 0.497838 0.076563 0.120833
0 0.639148 0.422849 0.065625 0.145833
0 0.704350 0.458334 0.078906 0.088889
0 0.570259 0.445778 0.073437 0.138889
0 0.154981 0.475266 0.069531 0.125000
0 0.075945 0.544173 0.128906 0.108333
0 0.438102 0.634183 0.089062 0.141667
0 0.338338 0.618291 0.115625 0.137500
0 0.831797 0.545730 0.127344 0.147222
0 0.669326 0.582601 0.094531 0.144444
0 0.364844 0.500000 0.068750 0.113889
0 0.395312 0.218056 0.114063 0.205556
0 0.813672 0.400694 0.135156 0.123611
0 0.238672 0.461111 0.124219 0.130556
