0 0.697115 0.164362 0.075781 0.154167
0 0.753670 0.377997 0.099219 0.083333
0 0.832549 0.599931 0.110156 0.104167
0 0.811404 0.506906 0.107031 0.102778
0 0.729743 0.443711 0.062500 0.070833
0 0.722840 0.575367 0.111719 0.108333
0 0.113329 0.506499 0.132812 0.140278
0 0.544103 0.358274 0.094531 0.147222
0 0.777690 0.179119 0.079687 0.105556
0 0.290625 0.492361 0.104687 0.126389
0 0.401172 0.500694 0.092969 0.123611
0 0.435547 0.381250 0.075781 0.129167
0 0.639063 0.482639 0.092188 0.162500
0 0.500391 0.477778 0.066406 0.116667
0 0.200391 0.579861 0.091406 0.079167
0 0.227734 0.665972 0.114844 0.143056
