0 0.757061 0.195515 0.093750 0.155556
0 0.080373 0.199634 0.075000 0.093056
0 0.372345 0.616373 0.097656 0.087500
0 0.371695 0.520592 0.087500 0.105556
0 0.475876 0.457522 0.078125 0.090278
0 0.613921 0.429833 0.082813 0.109722
0 0.755325 0.663333 0.091406 0.122222
0 0.800823 0.372208 0.117188 0.136111
0 0.808362 0.497385 0.114063 0.105556
0 0.932524 0.462618 0.132031 0.091667
0 0.466752 0.590497 0.081250 0.111111
0 0.809610 0.611000 0.103125 0.109722
0 0.558210 0.508324 0.074219 0.102778
0 0.176180 0.595854 0.169531 0.102778
0 0.686429 0.514195 0.085938 0.104167
0 0.676953 0.388194 0.078906 0.123611
