0 0.689859 0.172268 0.070312 0.163889
0 0.412987 0.481387 0.061719 0.137500
0 0.346954 0.482701 0.068750 0.131944
0 0.768661 0.499191 0.121875 0.165278
0 0.642548 0.496622 0.089844 0.123611
0 0.624159 0.620585 0.082813 0.109722
0 0.541475 0.508918 0.082813 0.145833
0 0.471513 0.502999 0.052344 0.113889
0 0.508842 0.633161 0.085938 0.105556
0 0.199563 0.423600 0.150781 0.075000
0 0.868964 0.553858 0.105469 0.125000
0 0.192969 0.525000 0.106250 0.105556
0 0.069531 0.606944 0.135937 0.141667
0 0.319531 0.616667 0.123438 0.147222
0 0.721484 0.666667 0.097656 0.122222
0 0.775000 0.170139 0.092188 0.134722
