0 0.691018 0.336660 0.107031 0.133333
0 0.687493 0.478680 0.098438 0.115278
0 0.691018 0.336659 0.107031 0.133333
0 0.687491 0.478681 0.098438 0.115278
0 0.786801 0.293212 0.078906 0.113889
0 0.257753 0.419357 0.120312 0.127778
0 0.383584 0.462954 0.092188 0.123611
0 0.365799 0.584685 0.122656 0.131944
0 0.103516 0.304167 0.147656 0.133333
0 0.125391 0.434028 0.136719 0.106944
0 0.294141 0.686111 0.102344 0.144444
0 0.361719 0.783333 0.089062 0.130556
0 0.499219 0.607639 0.098438 0.154167
0 0.506641 0.415278 0.063281 0.130556
