0 0.689975 0.172361 0.070312 0.163889
0 0.770811 0.189831 0.091406 0.130556
0 0.373176 0.494348 0.082031 0.155556
0 0.365055 0.608603 0.110937 0.111111
0 0.493685 0.498281 0.076563 0.120833
0 0.639173 0.422874 0.065625 0.145833
0 0.915386 0.556168 0.159375 0.115278
0 0.883557 0.396454 0.148438 0.101389
0 0.704375 0.458369 0.078906 0.088889
0 0.691079 0.551038 0.138281 0.094444
0 0.261751 0.493763 0.104687 0.109722
0 0.107031 0.522917 0.121875 0.120833
0 0.570312 0.445833 0.073437 0.138889
0 0.467578 0.639583 0.094531 0.137500
