0 0.689913 0.172327 0.070312 0.163889
0 0.771840 0.190098 0.091406 0.130556
0 0.373151 0.494443 0.082031 0.155556
0 0.365223 0.609028 0.110937 0.111111
0 0.493741 0.498195 0.076563 0.120833
0 0.639144 0.422829 0.065625 0.145833
0 0.883568 0.396464 0.148438 0.101389
0 0.704277 0.458537 0.078906 0.088889
0 0.691156 0.550903 0.138281 0.094444
0 0.570337 0.445722 0.073437 0.138889
0 0.467011 0.639572 0.094531 0.137500
0 0.104097 0.576854 0.124219 0.141667
0 0.251878 0.487353 0.147656 0.127778
0 0.901546 0.560409 0.166406 0.100000
0 0.155078 0.473611 0.069531 0.125000
