0 0.292912 0.331788 0.112500 0.144444
0 0.565116 0.616625 0.096875 0.161111
0 0.759587 0.872160 0.092188 0.141667
0 0.310435 0.141027 0.091406 0.120833
0 0.292913 0.331788 0.112500 0.144444
0 0.565118 0.616623 0.096875 0.161111
0 0.759588 0.872162 0.092188 0.141667
0 0.310436 0.141027 0.091406 0.120833
0 0.292912 0.331788 0.112500 0.144444
0 0.565116 0.616626 0.096875 0.161111
0 0.759586 0.872160 0.092188 0.141667
0 0.310435 0.141028 0.091406 0.120833
0 0.292912 0.331788 0.112500 0.144444
0 0.565116 0.616622 0.096875 0.161111
0 0.759589 0.872161 0.092188 0.141667
0 0.310435 0.141027 0.091406 0.120833
0 0.875282 0.911545 0.115625 0.166667
0 0.481157 0.776290 0.087500 0.130556
0 0.627739 0.861849 0.082031 0.190278
0 0.297674 0.868223 0.070312 0.188889
0 0.481287 0.907117 0.060938 0.111111
0 0.378463 0.933315 0.085156 0.108333
0 0.367188 0.811806 0.067188 0.140278
0 0.163672 0.827778 0.122656 0.155556
