0 0.755618 0.186855 0.093750 0.155556
0 0.080605 0.201945 0.075000 0.093056
0 0.619726 0.405194 0.079687 0.111111
0 0.501637 0.516458 0.070312 0.119444
0 0.688759 0.674527 0.089844 0.122222
0 0.741337 0.364063 0.135937 0.122222
0 0.736924 0.588803 0.103906 0.122222
0 0.866140 0.465984 0.111719 0.123611
0 0.238794 0.647209 0.101562 0.108333
0 0.538631 0.442721 0.095312 0.127778
0 0.744076 0.458727 0.105469 0.111111
0 0.631751 0.519472 0.090625 0.101389
0 0.103880 0.605850 0.146875 0.106944
0 0.258997 0.530527 0.116406 0.105556
0 0.370702 0.437547 0.097656 0.105556
0 0.388356 0.594611 0.083594 0.111111
