0 0.930020 0.106289 0.103125 0.159722
0 0.584356 0.416716 0.084375 0.169444
0 0.670461 0.411241 0.079687 0.175000
0 0.906768 0.542873 0.100000 0.144444
0 0.895105 0.747939 0.114063 0.190278
0 0.531604 0.702803 0.074219 0.152778
0 0.156526 0.930639 0.142969 0.134722
0 0.228314 0.464241 0.085938 0.111111
0 0.608260 0.121535 0.096094 0.188889
0 0.253244 0.344980 0.138281 0.140278
0 0.976555 0.749311 0.045313 0.134722
0 0.118686 0.131832 0.045313 0.065278
0 0.277509 0.059966 0.104687 0.111111
0 0.117111 0.319992 0.075000 0.106944
0 0.098389 0.462312 0.076563 0.119444
0 0.171251 0.677629 0.116406 0.151389
0 0.278516 0.173611 0.094531 0.102778
0 0.046484 0.147222 0.092969 0.138889
0 0.041016 0.360417 0.082031 0.118056
