0 0.691267 0.335362 0.107031 0.133333
0 0.694558 0.470730 0.098438 0.115278
0 0.157591 0.357864 0.119531 0.108333
0 0.513676 0.446222 0.086719 0.137500
0 0.500994 0.613487 0.087500 0.154167
0 0.691267 0.335361 0.107031 0.133333
0 0.694556 0.470731 0.098438 0.115278
0 0.157585 0.357865 0.119531 0.108333
0 0.513677 0.446223 0.086719 0.137500
0 0.499504 0.614459 0.087500 0.154167
0 0.136397 0.419754 0.149219 0.086111
0 0.411073 0.398525 0.084375 0.136111
0 0.359192 0.560212 0.100000 0.119444
0 0.787032 0.292441 0.078906 0.113889
0 0.049351 0.320896 0.087500 0.116667
0 0.271111 0.411956 0.104687 0.148611
0 0.671094 0.131250 0.132812 0.215278
