0 0.930504 0.105402 0.103125 0.159722
0 0.584391 0.416789 0.084375 0.169444
0 0.671276 0.411520 0.079687 0.175000
0 0.906441 0.542848 0.100000 0.144444
0 0.895019 0.747647 0.114063 0.190278
0 0.531612 0.702818 0.074219 0.152778
0 0.157894 0.928133 0.142969 0.134722
0 0.976586 0.749296 0.045313 0.134722
0 0.117937 0.126893 0.045313 0.065278
0 0.116615 0.319914 0.075000 0.106944
0 0.101727 0.464948 0.076563 0.119444
0 0.266379 0.176478 0.069531 0.125000
0 0.034645 0.319285 0.053125 0.094444
0 0.243622 0.358366 0.150000 0.141667
0 0.193719 0.464983 0.089062 0.106944
0 0.600597 0.118894 0.086719 0.163889
0 0.427676 0.177478 0.086719 0.156944
0 0.178593 0.651053 0.120312 0.183333
0 0.043359 0.122222 0.085156 0.111111
