0 0.448031 0.376741 0.086719 0.145833
0 0.687772 0.160621 0.089062 0.155556
0 0.652758 0.434624 0.092969 0.127778
0 0.760745 0.177612 0.039062 0.141667
0 0.814134 0.175256 0.064062 0.130556
0 0.852389 0.413248 0.139062 0.087500
0 0.345465 0.468612 0.053906 0.137500
0 0.095320 0.497995 0.110937 0.151389
0 0.097545 0.637899 0.138281 0.144444
0 0.448023 0.511505 0.077344 0.155556
0 0.545324 0.389290 0.087500 0.130556
0 0.568448 0.534899 0.090625 0.136111
0 0.738236 0.497786 0.100000 0.140278
0 0.223047 0.429167 0.144531 0.102778
0 0.204688 0.609722 0.100000 0.125000
0 0.378516 0.370139 0.074219 0.148611
