0 0.358425 0.450712 0.082813 0.109722
0 0.353893 0.583733 0.084375 0.129167
0 0.444674 0.510148 0.074219 0.125000
0 0.104026 0.598044 0.159375 0.105556
0 0.237675 0.618609 0.102344 0.091667
0 0.242967 0.524991 0.121875 0.086111
0 0.070294 0.194366 0.078906 0.094444
0 0.589557 0.489111 0.103906 0.094444
0 0.493759 0.446926 0.064062 0.138889
0 0.752344 0.594444 0.114063 0.108333
0 0.684375 0.665278 0.104687 0.136111
0 0.703906 0.455556 0.115625 0.108333
0 0.762109 0.181944 0.100781 0.177778
0 0.704687 0.333333 0.101562 0.122222
0 0.560938 0.393750 0.076563 0.101389
0 0.840234 0.463889 0.133594 0.102778
