0 0.564687 0.468061 0.075781 0.113889
0 0.660346 0.444253 0.065625 0.066667
0 0.651974 0.387219 0.088281 0.094444
0 0.720391 0.510805 0.096875 0.105556
0 0.645495 0.600148 0.096875 0.116667
0 0.922776 0.577752 0.113281 0.129167
0 0.751186 0.603703 0.110156 0.118056
0 0.815268 0.526992 0.083594 0.120833
0 0.480507 0.357654 0.090625 0.129167
0 0.695223 0.176290 0.076563 0.156944
0 0.400893 0.379804 0.073437 0.115278
0 0.330637 0.461655 0.082813 0.123611
0 0.758391 0.186474 0.047656 0.093056
0 0.210156 0.520833 0.139062 0.091667
0 0.130859 0.631944 0.144531 0.127778
0 0.441797 0.491667 0.064844 0.091667
