0 0.292909 0.331709 0.112500 0.144444
0 0.565413 0.617071 0.096875 0.161111
0 0.296754 0.123128 0.091406 0.120833
0 0.292910 0.331709 0.112500 0.144444
0 0.565418 0.617068 0.096875 0.161111
0 0.296763 0.123122 0.091406 0.120833
0 0.292909 0.331708 0.112500 0.144444
0 0.565413 0.617071 0.096875 0.161111
0 0.296757 0.123127 0.091406 0.120833
0 0.292909 0.331708 0.112500 0.144444
0 0.565416 0.617059 0.096875 0.161111
0 0.296757 0.123125 0.091406 0.120833
0 0.222278 0.884052 0.053906 0.176389
0 0.287521 0.826400 0.082813 0.136111
0 0.421822 0.802182 0.073437 0.156944
0 0.109353 0.863884 0.131250 0.144444
0 0.307390 0.943985 0.102344 0.094444
0 0.472603 0.905585 0.046875 0.161111
0 0.680452 0.847851 0.104687 0.143056
0 0.572351 0.798617 0.073437 0.150000
0 0.844504 0.889578 0.117188 0.173611
0 0.676953 0.940972 0.110156 0.115278
