0 0.757036 0.195454 0.093750 0.155556
0 0.080691 0.201094 0.075000 0.093056
0 0.372343 0.616364 0.097656 0.087500
0 0.371651 0.520519 0.087500 0.105556
0 0.475932 0.457441 0.078125 0.090278
0 0.613963 0.429798 0.082813 0.109722
0 0.755287 0.663575 0.091406 0.122222
0 0.800869 0.372165 0.117188 0.136111
0 0.809179 0.495783 0.114063 0.105556
0 0.932470 0.462642 0.132031 0.091667
0 0.466013 0.587999 0.081250 0.111111
0 0.808617 0.609214 0.103125 0.109722
0 0.558275 0.508362 0.074219 0.102778
0 0.176175 0.595846 0.169531 0.102778
0 0.688204 0.522633 0.085938 0.104167
0 0.676883 0.388419 0.078906 0.123611
