0 0.696631 0.180130 0.075781 0.154167
0 0.798069 0.173286 0.040625 0.102778
0 0.348192 0.635956 0.078906 0.130556
0 0.408830 0.467018 0.074219 0.134722
0 0.488934 0.482066 0.070312 0.102778
0 0.506023 0.406371 0.064062 0.111111
0 0.666057 0.474459 0.082031 0.134722
0 0.826177 0.627160 0.092188 0.109722
0 0.181036 0.490962 0.099219 0.129167
0 0.265156 0.427952 0.113281 0.113889
0 0.753542 0.377796 0.099219 0.083333
0 0.722033 0.570200 0.117188 0.102778
0 0.557554 0.467423 0.069531 0.116667
0 0.321925 0.518842 0.078125 0.087500
0 0.564844 0.338194 0.078125 0.126389
0 0.735937 0.461111 0.067188 0.086111
0 0.807813 0.524306 0.112500 0.093056
