0 0.695249 0.201508 0.075781 0.154167
0 0.413559 0.384869 0.067188 0.116667
0 0.564512 0.468039 0.075781 0.113889
0 0.660354 0.444167 0.065625 0.066667
0 0.651974 0.387266 0.088281 0.094444
0 0.720391 0.511029 0.096875 0.105556
0 0.372973 0.476166 0.093750 0.113889
0 0.237797 0.511611 0.121094 0.120833
0 0.470586 0.478770 0.057813 0.095833
0 0.646974 0.599573 0.096875 0.116667
0 0.782108 0.173840 0.096094 0.095833
0 0.914929 0.579221 0.113281 0.129167
0 0.751203 0.603697 0.110156 0.118056
0 0.185334 0.664926 0.143750 0.091667
0 0.479642 0.335940 0.081250 0.130556
0 0.815234 0.527089 0.083594 0.120833
0 0.102344 0.583333 0.132812 0.075000
