0 0.555211 0.466871 0.075781 0.113889
0 0.720506 0.510898 0.096875 0.105556
0 0.688382 0.175250 0.076563 0.156944
0 0.766553 0.173431 0.050781 0.091667
0 0.808154 0.527953 0.083594 0.105556
0 0.312437 0.470343 0.096875 0.104167
0 0.636083 0.605272 0.091406 0.122222
0 0.453999 0.339257 0.087500 0.140278
0 0.182881 0.577696 0.135937 0.100000
0 0.378183 0.363957 0.082813 0.130556
0 0.875107 0.601101 0.096875 0.125000
0 0.445962 0.459855 0.074219 0.088889
0 0.689844 0.295833 0.110937 0.102778
0 0.647656 0.392361 0.068750 0.073611
0 0.653125 0.446528 0.054688 0.056944
0 0.723047 0.625000 0.080469 0.102778
