0 0.292976 0.331984 0.112500 0.144444
0 0.309270 0.135313 0.098438 0.112500
0 0.564972 0.616400 0.096875 0.161111
0 0.406929 0.857228 0.070312 0.152778
0 0.477240 0.813274 0.064062 0.123611
0 0.498054 0.941244 0.077344 0.106944
0 0.597048 0.807741 0.102344 0.148611
0 0.614033 0.943667 0.089062 0.095833
0 0.729344 0.911818 0.097656 0.154167
0 0.823870 0.865744 0.107031 0.150000
0 0.854355 0.957736 0.111719 0.076389
0 0.947468 0.928248 0.102344 0.134722
0 0.348032 0.928126 0.072656 0.127778
0 0.235547 0.860417 0.114844 0.159722
