0 0.691053 0.336712 0.107031 0.133333
0 0.779365 0.330759 0.060938 0.125000
0 0.690967 0.476663 0.098438 0.115278
0 0.157212 0.358184 0.119531 0.108333
0 0.362185 0.552555 0.110937 0.116667
0 0.513674 0.446370 0.086719 0.137500
0 0.279203 0.393756 0.100781 0.145833
0 0.502930 0.603536 0.087500 0.154167
0 0.691052 0.336713 0.107031 0.133333
0 0.779366 0.330760 0.060938 0.125000
0 0.690967 0.476664 0.098438 0.115278
0 0.157209 0.358184 0.119531 0.108333
0 0.362185 0.552554 0.110937 0.116667
0 0.513674 0.446368 0.086719 0.137500
0 0.279204 0.393753 0.100781 0.145833
0 0.502931 0.603536 0.087500 0.154167
0 0.402281 0.386162 0.118750 0.133333
0 0.051294 0.360787 0.092969 0.123611
0 0.151654 0.429636 0.155469 0.093056
