0 0.757023 0.195390 0.093750 0.155556
0 0.080381 0.199876 0.075000 0.093056
0 0.372339 0.616374 0.097656 0.087500
0 0.371674 0.520585 0.087500 0.105556
0 0.475868 0.457492 0.078125 0.090278
0 0.613968 0.429864 0.082813 0.109722
0 0.701113 0.425773 0.082031 0.104167
0 0.755304 0.663382 0.091406 0.122222
0 0.800790 0.372268 0.117188 0.136111
0 0.808385 0.497608 0.114063 0.105556
0 0.932513 0.462660 0.132031 0.091667
0 0.469655 0.590158 0.081250 0.111111
0 0.809043 0.609838 0.103125 0.109722
0 0.558172 0.508276 0.074219 0.102778
0 0.176174 0.595795 0.169531 0.102778
0 0.689844 0.518750 0.085938 0.104167
