0 0.753537 0.190112 0.082813 0.147222
0 0.680253 0.416327 0.075781 0.100000
0 0.921928 0.427705 0.143750 0.141667
0 0.794929 0.439552 0.108594 0.140278
0 0.436646 0.436799 0.093750 0.143056
0 0.139811 0.485409 0.107813 0.109722
0 0.525391 0.433390 0.064844 0.188889
0 0.669939 0.483088 0.157813 0.105556
0 0.091026 0.592305 0.157031 0.120833
0 0.331596 0.409891 0.094531 0.150000
0 0.213649 0.442229 0.133594 0.098611
0 0.871905 0.599296 0.154687 0.134722
0 0.402734 0.578472 0.102344 0.131944
0 0.242969 0.564583 0.125000 0.129167
