0 0.931591 0.411294 0.132031 0.087500
0 0.276173 0.468198 0.094531 0.138889
0 0.448140 0.376576 0.086719 0.145833
0 0.468633 0.482610 0.095312 0.141667
0 0.107319 0.535576 0.148438 0.115278
0 0.682214 0.165766 0.089062 0.155556
0 0.352044 0.479924 0.075000 0.131944
0 0.364326 0.374313 0.092969 0.143056
0 0.568727 0.533695 0.100781 0.120833
0 0.568354 0.384790 0.075781 0.152778
0 0.652709 0.434887 0.092969 0.127778
0 0.779438 0.494262 0.144531 0.152778
0 0.192969 0.555556 0.104687 0.102778
0 0.099609 0.651389 0.146094 0.111111
0 0.760938 0.177778 0.039062 0.141667
0 0.814062 0.175000 0.064062 0.130556
