0 0.752489 0.194200 0.082813 0.147222
0 0.595682 0.434612 0.075781 0.147222
0 0.448424 0.395193 0.093750 0.134722
0 0.361621 0.452877 0.087500 0.119444
0 0.048764 0.180266 0.091406 0.123611
0 0.239729 0.469526 0.078125 0.102778
0 0.169138 0.524320 0.080469 0.143056
0 0.090963 0.572452 0.084375 0.100000
0 0.680089 0.416519 0.075781 0.100000
0 0.685788 0.507526 0.103906 0.094444
0 0.792926 0.475686 0.118750 0.140278
0 0.860671 0.609013 0.158594 0.106944
0 0.921924 0.427800 0.143750 0.141667
0 0.789062 0.698611 0.134375 0.150000
0 0.400781 0.579167 0.101562 0.138889
0 0.251172 0.562500 0.105469 0.088889
