0 0.690992 0.336766 0.107031 0.133333
0 0.779324 0.330811 0.060938 0.125000
0 0.688233 0.482707 0.098438 0.115278
0 0.157219 0.358072 0.119531 0.108333
0 0.362225 0.552779 0.110937 0.116667
0 0.513607 0.446329 0.086719 0.137500
0 0.279316 0.393657 0.100781 0.145833
0 0.503237 0.604282 0.087500 0.154167
0 0.690992 0.336766 0.107031 0.133333
0 0.779325 0.330811 0.060938 0.125000
0 0.688232 0.482708 0.098438 0.115278
0 0.157216 0.358071 0.119531 0.108333
0 0.362226 0.552777 0.110937 0.116667
0 0.513607 0.446328 0.086719 0.137500
0 0.279317 0.393655 0.100781 0.145833
0 0.503238 0.604282 0.087500 0.154167
0 0.402324 0.386215 0.118750 0.133333
0 0.051260 0.360610 0.092969 0.123611
0 0.151825 0.430279 0.155469 0.093056
