0 0.754065 0.180683 0.093750 0.155556
0 0.080802 0.201265 0.075000 0.093056
0 0.800943 0.372295 0.117188 0.136111
0 0.808311 0.495794 0.114063 0.105556
0 0.932574 0.462503 0.132031 0.091667
0 0.810390 0.607250 0.103125 0.109722
0 0.162563 0.602930 0.156250 0.119444
0 0.719570 0.671051 0.123438 0.126389
0 0.402324 0.459644 0.085938 0.108333
0 0.300660 0.522891 0.087500 0.084722
0 0.390979 0.591988 0.074219 0.113889
0 0.297611 0.611193 0.100000 0.088889
0 0.564844 0.456250 0.071875 0.156944
0 0.502734 0.543056 0.069531 0.141667
0 0.661719 0.418056 0.082813 0.116667
0 0.674219 0.522917 0.107813 0.109722
