0 0.292911 0.331745 0.112500 0.144444
0 0.565334 0.617072 0.096875 0.161111
0 0.295846 0.133628 0.091406 0.120833
0 0.292912 0.331745 0.112500 0.144444
0 0.565340 0.617071 0.096875 0.161111
0 0.295853 0.133620 0.091406 0.120833
0 0.292911 0.331744 0.112500 0.144444
0 0.565334 0.617072 0.096875 0.161111
0 0.295848 0.133627 0.091406 0.120833
0 0.292911 0.331744 0.112500 0.144444
0 0.565338 0.617064 0.096875 0.161111
0 0.295848 0.133625 0.091406 0.120833
0 0.860998 0.911555 0.098438 0.154167
0 0.222271 0.884043 0.053906 0.176389
0 0.287547 0.826372 0.082813 0.136111
0 0.421869 0.802000 0.073437 0.156944
0 0.109422 0.863869 0.131250 0.144444
0 0.307476 0.943796 0.102344 0.094444
0 0.472747 0.905640 0.046875 0.161111
0 0.577702 0.823784 0.081250 0.176389
0 0.680582 0.847791 0.104687 0.143056
