0 0.584705 0.407464 0.078125 0.156944
0 0.661287 0.416255 0.061719 0.168056
0 0.927194 0.139007 0.104687 0.155556
0 0.900521 0.553902 0.104687 0.144444
0 0.902435 0.742815 0.104687 0.170833
0 0.216478 0.063133 0.120312 0.123611
0 0.597833 0.116733 0.085938 0.177778
0 0.177985 0.649714 0.114063 0.173611
0 0.176475 0.323895 0.079687 0.118056
0 0.205965 0.460082 0.115625 0.118056
0 0.520104 0.736934 0.096094 0.145833
0 0.096834 0.447309 0.089844 0.123611
0 0.169123 0.845991 0.143750 0.177778
0 0.105207 0.310899 0.059375 0.145833
