0 0.584828 0.407282 0.078125 0.156944
0 0.671229 0.415508 0.061719 0.168056
0 0.599381 0.122130 0.085938 0.177778
0 0.167214 0.650400 0.114063 0.173611
0 0.525981 0.715465 0.085938 0.163889
0 0.926764 0.115512 0.090625 0.154167
0 0.970990 0.751590 0.064062 0.155556
0 0.908023 0.553293 0.110937 0.125000
0 0.134891 0.118668 0.050781 0.098611
0 0.099390 0.454741 0.075781 0.129167
0 0.327055 0.351683 0.065625 0.111111
0 0.121885 0.322214 0.043750 0.100000
0 0.223494 0.344332 0.140625 0.169444
0 0.189632 0.459630 0.096094 0.100000
0 0.150000 0.909028 0.125000 0.179167
0 0.050391 0.100000 0.100781 0.116667
0 0.219531 0.115972 0.115625 0.156944
