0 0.689803 0.172266 0.070312 0.163889
0 0.771400 0.175280 0.092188 0.134722
0 0.743166 0.656551 0.113281 0.137500
0 0.846306 0.550970 0.100781 0.108333
0 0.336573 0.490108 0.084375 0.119444
0 0.237097 0.435491 0.119531 0.148611
0 0.129300 0.424224 0.091406 0.095833
0 0.636396 0.617749 0.094531 0.133333
0 0.088007 0.638386 0.149219 0.130556
0 0.255709 0.605899 0.128125 0.137500
0 0.404558 0.533994 0.073437 0.123611
0 0.506221 0.502753 0.090625 0.105556
0 0.633236 0.498548 0.080469 0.111111
0 0.748004 0.490941 0.141406 0.129167
0 0.493750 0.622917 0.100000 0.134722
