0 0.696707 0.165984 0.075781 0.154167
0 0.753667 0.377996 0.099219 0.083333
0 0.779752 0.178649 0.079687 0.105556
0 0.290679 0.492313 0.104687 0.126389
0 0.608250 0.447101 0.077344 0.141667
0 0.182429 0.585621 0.105469 0.073611
0 0.092933 0.531945 0.145313 0.113889
0 0.413281 0.384722 0.067188 0.116667
0 0.474219 0.478472 0.057813 0.087500
0 0.508594 0.367361 0.070312 0.134722
0 0.230859 0.648611 0.122656 0.102778
0 0.804688 0.517361 0.104687 0.109722
0 0.700391 0.586111 0.097656 0.125000
0 0.725000 0.445833 0.081250 0.075000
0 0.370313 0.475000 0.085938 0.111111
0 0.801562 0.613889 0.104687 0.116667
