0 0.757076 0.195885 0.093750 0.155556
0 0.080381 0.200452 0.075000 0.093056
0 0.372348 0.616382 0.097656 0.087500
0 0.371722 0.520626 0.087500 0.105556
0 0.475840 0.457600 0.078125 0.090278
0 0.569019 0.523960 0.071875 0.095833
0 0.614011 0.429911 0.082813 0.109722
0 0.701079 0.425772 0.082031 0.104167
0 0.755242 0.661362 0.091406 0.122222
0 0.800831 0.372282 0.117188 0.136111
0 0.153825 0.576475 0.138281 0.098611
0 0.804202 0.599474 0.095312 0.094444
0 0.808873 0.498813 0.114063 0.105556
0 0.173052 0.470721 0.172656 0.119444
0 0.932444 0.462646 0.132031 0.091667
0 0.680306 0.521870 0.085156 0.094444
0 0.459445 0.587832 0.081250 0.111111
