0 0.754155 0.202032 0.094531 0.166667
0 0.417650 0.457746 0.067969 0.137500
0 0.142983 0.472953 0.115625 0.087500
0 0.785569 0.455621 0.124219 0.155556
0 0.288994 0.573030 0.112500 0.115278
0 0.174777 0.597721 0.127344 0.113889
0 0.903538 0.420116 0.128906 0.134722
0 0.647674 0.481437 0.095312 0.168056
0 0.329288 0.457009 0.080469 0.141667
0 0.237910 0.421577 0.116406 0.118056
0 0.502052 0.527047 0.103125 0.129167
0 0.521966 0.422990 0.068750 0.104167
0 0.904688 0.654861 0.160938 0.176389
0 0.739453 0.606944 0.138281 0.152778
