0 0.757030 0.195548 0.093750 0.155556
0 0.080693 0.200568 0.075000 0.093056
0 0.372332 0.616373 0.097656 0.087500
0 0.371661 0.520521 0.087500 0.105556
0 0.475956 0.457453 0.078125 0.090278
0 0.613951 0.429874 0.082813 0.109722
0 0.755289 0.663498 0.091406 0.122222
0 0.800821 0.371998 0.117188 0.136111
0 0.808924 0.496502 0.114063 0.105556
0 0.932481 0.462689 0.132031 0.091667
0 0.470183 0.582404 0.081250 0.111111
0 0.809021 0.609227 0.103125 0.109722
0 0.558158 0.508305 0.074219 0.102778
0 0.176187 0.595860 0.169531 0.102778
0 0.689725 0.526037 0.085938 0.104167
0 0.676923 0.388572 0.078906 0.123611
