0 0.568267 0.450780 0.075781 0.113889
0 0.688341 0.175222 0.076563 0.156944
0 0.768398 0.174731 0.050781 0.091667
0 0.636498 0.599007 0.091406 0.122222
0 0.454064 0.339318 0.087500 0.140278
0 0.183065 0.577732 0.135937 0.100000
0 0.378280 0.363975 0.082813 0.130556
0 0.875339 0.598628 0.096875 0.125000
0 0.448106 0.467707 0.085156 0.097222
0 0.656560 0.395253 0.078906 0.076389
0 0.651353 0.448704 0.051562 0.040278
0 0.690964 0.524979 0.067969 0.079167
0 0.727344 0.621528 0.089062 0.112500
0 0.805469 0.542361 0.087500 0.104167
0 0.869531 0.308333 0.129688 0.127778
0 0.307031 0.494444 0.112500 0.130556
