0 0.292960 0.332026 0.112500 0.144444
0 0.309115 0.136524 0.098438 0.112500
0 0.565144 0.616543 0.096875 0.161111
0 0.406945 0.856927 0.070312 0.152778
0 0.476531 0.814239 0.064062 0.123611
0 0.497983 0.941305 0.077344 0.106944
0 0.586170 0.853407 0.102344 0.148611
0 0.614149 0.943943 0.089062 0.095833
0 0.729334 0.911937 0.097656 0.154167
0 0.823977 0.865406 0.107031 0.150000
0 0.854241 0.957553 0.111719 0.076389
0 0.947853 0.928073 0.102344 0.134722
0 0.348030 0.928040 0.072656 0.127778
0 0.218228 0.866059 0.125781 0.154167
