0 0.150752 0.452097 0.139062 0.145833
0 0.692124 0.425609 0.114063 0.115278
0 0.747617 0.207657 0.121875 0.154167
0 0.582667 0.456140 0.095312 0.140278
0 0.591620 0.623181 0.097656 0.143056
0 0.758878 0.678804 0.137500 0.113889
0 0.355958 0.544933 0.122656 0.127778
0 0.237391 0.499943 0.098438 0.136111
0 0.479699 0.472504 0.071875 0.155556
0 0.107668 0.569251 0.171094 0.098611
0 0.716986 0.547576 0.142969 0.116667
0 0.344906 0.424902 0.099219 0.111111
0 0.829748 0.491622 0.104687 0.133333
0 0.933603 0.422893 0.131250 0.118056
