0 0.584741 0.407449 0.078125 0.156944
0 0.659662 0.415928 0.061719 0.168056
0 0.900682 0.553905 0.104687 0.144444
0 0.902239 0.741474 0.104687 0.170833
0 0.216358 0.063374 0.120312 0.123611
0 0.597363 0.119372 0.085938 0.177778
0 0.177518 0.649681 0.114063 0.173611
0 0.173989 0.323775 0.079687 0.118056
0 0.198110 0.445945 0.115625 0.118056
0 0.091037 0.452019 0.089844 0.123611
0 0.115708 0.315506 0.050781 0.137500
0 0.525780 0.715329 0.085938 0.163889
0 0.927872 0.114711 0.090625 0.154167
0 0.146102 0.850148 0.143750 0.144444
