0 0.448101 0.376704 0.086719 0.145833
0 0.687714 0.161087 0.089062 0.155556
0 0.364099 0.374207 0.092969 0.143056
0 0.652774 0.434772 0.092969 0.127778
0 0.760773 0.177818 0.039062 0.141667
0 0.814048 0.175062 0.064062 0.130556
0 0.852265 0.413193 0.139062 0.087500
0 0.239063 0.443056 0.143750 0.147222
0 0.337891 0.488194 0.053906 0.137500
0 0.095312 0.497917 0.110937 0.151389
0 0.088672 0.661111 0.138281 0.144444
0 0.201953 0.577778 0.111719 0.091667
0 0.448047 0.508333 0.077344 0.155556
0 0.545313 0.388889 0.087500 0.130556
0 0.579687 0.536111 0.090625 0.136111
0 0.738281 0.497917 0.100000 0.140278
