0 0.292831 0.331621 0.112500 0.144444
0 0.565232 0.616993 0.096875 0.161111
0 0.306613 0.154643 0.091406 0.120833
0 0.292832 0.331620 0.112500 0.144444
0 0.565239 0.616999 0.096875 0.161111
0 0.306637 0.154622 0.091406 0.120833
0 0.292832 0.331620 0.112500 0.144444
0 0.565232 0.616993 0.096875 0.161111
0 0.306618 0.154639 0.091406 0.120833
0 0.292832 0.331620 0.112500 0.144444
0 0.565235 0.616981 0.096875 0.161111
0 0.306621 0.154634 0.091406 0.120833
0 0.421730 0.802191 0.073437 0.156944
0 0.680458 0.848004 0.104687 0.143056
0 0.916007 0.859349 0.124219 0.159722
0 0.799604 0.877923 0.105469 0.194444
0 0.684558 0.951397 0.089844 0.094444
0 0.571913 0.796794 0.062500 0.163889
0 0.140602 0.853440 0.106250 0.151389
0 0.230859 0.840278 0.097656 0.141667
0 0.415625 0.935417 0.084375 0.115278
