0 0.756934 0.195556 0.093750 0.155556
0 0.080433 0.200202 0.075000 0.093056
0 0.372364 0.616498 0.097656 0.087500
0 0.371684 0.520640 0.087500 0.105556
0 0.475830 0.457514 0.078125 0.090278
0 0.614020 0.429859 0.082813 0.109722
0 0.701067 0.425797 0.082031 0.104167
0 0.755279 0.663436 0.091406 0.122222
0 0.800768 0.372249 0.117188 0.136111
0 0.807955 0.498251 0.114063 0.105556
0 0.932437 0.462671 0.132031 0.091667
0 0.472791 0.588064 0.081250 0.111111
0 0.807225 0.610228 0.103125 0.109722
0 0.558179 0.508273 0.074219 0.102778
0 0.677294 0.516916 0.078906 0.116667
0 0.176179 0.595899 0.169531 0.102778
