0 0.584741 0.407706 0.078125 0.156944
0 0.596622 0.113277 0.085938 0.177778
0 0.526081 0.715439 0.085938 0.163889
0 0.926599 0.105383 0.090625 0.154167
0 0.970885 0.751476 0.064062 0.155556
0 0.908919 0.553469 0.110937 0.125000
0 0.096210 0.455846 0.075781 0.129167
0 0.895113 0.735750 0.082813 0.126389
0 0.653117 0.421248 0.057031 0.112500
0 0.153762 0.096766 0.091406 0.168056
0 0.174709 0.677854 0.132812 0.190278
0 0.062688 0.122942 0.123438 0.152778
0 0.268819 0.159653 0.068750 0.102778
0 0.232923 0.346933 0.123438 0.140278
0 0.110885 0.314334 0.057813 0.087500
0 0.165386 0.328176 0.046094 0.098611
