0 0.689924 0.172366 0.070312 0.163889
0 0.772121 0.189426 0.091406 0.130556
0 0.493847 0.498208 0.076563 0.120833
0 0.639067 0.422889 0.065625 0.145833
0 0.704375 0.458512 0.078906 0.088889
0 0.691193 0.550720 0.138281 0.094444
0 0.570253 0.445789 0.073437 0.138889
0 0.155073 0.473607 0.069531 0.125000
0 0.256691 0.460394 0.124219 0.129167
0 0.880505 0.596889 0.161719 0.150000
0 0.864373 0.384676 0.135156 0.111111
0 0.075401 0.544188 0.128906 0.108333
0 0.322642 0.600744 0.114063 0.109722
0 0.352961 0.485364 0.071875 0.131944
0 0.166406 0.654167 0.146875 0.111111
0 0.438281 0.634722 0.089062 0.141667
