0 0.755232 0.185938 0.093750 0.155556
0 0.080627 0.202000 0.075000 0.093056
0 0.619567 0.405238 0.079687 0.111111
0 0.643893 0.517697 0.092188 0.125000
0 0.501663 0.516567 0.070312 0.119444
0 0.688422 0.682005 0.089844 0.122222
0 0.741379 0.363916 0.135937 0.122222
0 0.132426 0.610985 0.152344 0.113889
0 0.739312 0.588017 0.103906 0.122222
0 0.266769 0.514137 0.115625 0.137500
0 0.865969 0.465950 0.111719 0.123611
0 0.238150 0.646058 0.101562 0.108333
0 0.396587 0.451924 0.100781 0.109722
0 0.573047 0.182639 0.082031 0.220833
0 0.539062 0.443056 0.095312 0.127778
0 0.390234 0.567361 0.083594 0.104167
0 0.742578 0.458333 0.105469 0.111111
