0 0.754915 0.180877 0.093750 0.155556
0 0.080562 0.201671 0.075000 0.093056
0 0.801002 0.372219 0.117188 0.136111
0 0.932563 0.462680 0.132031 0.091667
0 0.162636 0.603155 0.156250 0.119444
0 0.402340 0.459581 0.085938 0.108333
0 0.300658 0.522770 0.087500 0.084722
0 0.390238 0.593311 0.074219 0.113889
0 0.297728 0.611124 0.100000 0.088889
0 0.564885 0.456093 0.071875 0.156944
0 0.619536 0.405733 0.079687 0.111111
0 0.767470 0.614073 0.125000 0.113889
0 0.718282 0.688245 0.118750 0.136111
0 0.749458 0.478589 0.117188 0.102778
0 0.645089 0.538787 0.092188 0.125000
0 0.501562 0.516667 0.070312 0.119444
