0 0.753948 0.180625 0.093750 0.155556
0 0.080832 0.201366 0.075000 0.093056
0 0.800914 0.372261 0.117188 0.136111
0 0.809808 0.493544 0.114063 0.105556
0 0.932495 0.462661 0.132031 0.091667
0 0.808740 0.602359 0.103125 0.109722
0 0.681619 0.526477 0.085938 0.104167
0 0.677099 0.388151 0.078906 0.123611
0 0.162429 0.602957 0.156250 0.119444
0 0.728989 0.666092 0.123438 0.126389
0 0.402335 0.459597 0.085938 0.108333
0 0.300678 0.522828 0.087500 0.084722
0 0.393910 0.591461 0.074219 0.113889
0 0.297579 0.611151 0.100000 0.088889
0 0.507362 0.517950 0.066406 0.141667
0 0.571484 0.444444 0.086719 0.158333
