0 0.691073 0.336563 0.107031 0.133333
0 0.779330 0.330717 0.060938 0.125000
0 0.692663 0.472885 0.098438 0.115278
0 0.157367 0.357851 0.119531 0.108333
0 0.362292 0.552555 0.110937 0.116667
0 0.513533 0.446168 0.086719 0.137500
0 0.501837 0.606475 0.087500 0.154167
0 0.691074 0.336562 0.107031 0.133333
0 0.779330 0.330719 0.060938 0.125000
0 0.692662 0.472886 0.098438 0.115278
0 0.157364 0.357848 0.119531 0.108333
0 0.362292 0.552553 0.110937 0.116667
0 0.513534 0.446167 0.086719 0.137500
0 0.501838 0.606475 0.087500 0.154167
0 0.135053 0.422011 0.149219 0.086111
0 0.411005 0.398439 0.084375 0.136111
0 0.050781 0.345833 0.093750 0.108333
0 0.273438 0.406944 0.109375 0.116667
