0 0.582845 0.421505 0.070312 0.151389
0 0.661614 0.420204 0.072656 0.143056
0 0.606827 0.150027 0.084375 0.177778
0 0.924112 0.102523 0.097656 0.152778
0 0.908160 0.536911 0.109375 0.170833
0 0.900080 0.740758 0.105469 0.144444
0 0.974679 0.734862 0.049219 0.144444
0 0.521628 0.694394 0.078125 0.144444
0 0.159359 0.656425 0.135156 0.156944
0 0.182412 0.435686 0.078125 0.138889
0 0.096918 0.456340 0.091406 0.145833
0 0.159391 0.077024 0.104687 0.088889
0 0.252484 0.141153 0.055469 0.098611
0 0.114854 0.318792 0.080469 0.098611
0 0.254229 0.365116 0.144531 0.116667
0 0.167187 0.921528 0.131250 0.134722
0 0.054297 0.125694 0.102344 0.140278
