0 0.582827 0.421503 0.070312 0.151389
0 0.662095 0.420351 0.072656 0.143056
0 0.602572 0.131623 0.084375 0.177778
0 0.923404 0.103238 0.097656 0.152778
0 0.907022 0.536960 0.109375 0.170833
0 0.898410 0.738637 0.105469 0.144444
0 0.974733 0.734843 0.049219 0.144444
0 0.521620 0.694510 0.078125 0.144444
0 0.160621 0.659074 0.135156 0.156944
0 0.182283 0.435878 0.078125 0.138889
0 0.096689 0.456436 0.091406 0.145833
0 0.159570 0.077122 0.104687 0.088889
0 0.116461 0.145745 0.062500 0.061111
0 0.254247 0.141079 0.055469 0.098611
0 0.115305 0.318451 0.080469 0.098611
0 0.254136 0.365261 0.144531 0.116667
0 0.050317 0.143110 0.096875 0.177778
0 0.192969 0.920833 0.140625 0.138889
