0 0.584758 0.407551 0.078125 0.156944
0 0.659261 0.415854 0.061719 0.168056
0 0.899995 0.554030 0.104687 0.144444
0 0.901882 0.741694 0.104687 0.170833
0 0.597892 0.120221 0.085938 0.177778
0 0.178705 0.650555 0.114063 0.173611
0 0.110026 0.487765 0.089844 0.123611
0 0.108847 0.323160 0.050781 0.137500
0 0.525896 0.715441 0.085938 0.163889
0 0.928543 0.114832 0.090625 0.154167
0 0.181092 0.467394 0.096094 0.138889
0 0.188755 0.332759 0.078125 0.111111
0 0.124487 0.903475 0.146094 0.148611
0 0.181641 0.127778 0.119531 0.152778
