0 0.584694 0.407486 0.078125 0.156944
0 0.662836 0.415998 0.061719 0.168056
0 0.919572 0.107774 0.104687 0.155556
0 0.901388 0.553841 0.104687 0.144444
0 0.903543 0.745955 0.104687 0.170833
0 0.216579 0.062946 0.120312 0.123611
0 0.124912 0.051108 0.061719 0.100000
0 0.182795 0.330051 0.081250 0.104167
0 0.352278 0.916998 0.110156 0.163889
0 0.597406 0.117075 0.085938 0.177778
0 0.187210 0.443998 0.109375 0.136111
0 0.178722 0.650569 0.114063 0.173611
0 0.099037 0.470585 0.069531 0.154167
0 0.528906 0.702083 0.107813 0.176389
0 0.168359 0.917361 0.122656 0.162500
0 0.100391 0.305556 0.066406 0.147222
