0 0.517116 0.523645 0.084375 0.138889
0 0.917388 0.082968 0.097656 0.143056
0 0.190536 0.140609 0.085156 0.150000
0 0.090231 0.643642 0.114063 0.129167
0 0.507080 0.723476 0.087500 0.137500
0 0.661730 0.409007 0.082031 0.130556
0 0.594460 0.710594 0.069200 0.092700
0 0.889257 0.771603 0.092969 0.152778
0 0.177402 0.875569 0.110500 0.163000
0 0.517115 0.523645 0.084375 0.138889
0 0.917389 0.082968 0.097656 0.143056
0 0.190535 0.140608 0.085156 0.150000
0 0.090230 0.643642 0.114063 0.129167
0 0.507080 0.723476 0.087500 0.137500
0 0.661727 0.409006 0.082031 0.130556
0 0.594460 0.710594 0.069200 0.092700
0 0.889259 0.771604 0.092969 0.152778
0 0.177402 0.875569 0.110500 0.163000
