0 0.756367 0.186151 0.082813 0.147222
0 0.680179 0.416314 0.075781 0.100000
0 0.921964 0.427711 0.143750 0.141667
0 0.343357 0.441503 0.097656 0.113889
0 0.868259 0.601326 0.157031 0.116667
0 0.794927 0.439607 0.108594 0.140278
0 0.436680 0.436863 0.093750 0.143056
0 0.262106 0.553624 0.138281 0.104167
0 0.090654 0.584469 0.140625 0.122222
0 0.139861 0.485427 0.107813 0.109722
0 0.237872 0.456185 0.103906 0.101389
0 0.525388 0.433467 0.064844 0.188889
0 0.674907 0.517907 0.139062 0.148611
0 0.403125 0.583333 0.115625 0.138889
