0 0.689800 0.172238 0.070312 0.163889
0 0.642630 0.496405 0.089844 0.123611
0 0.541539 0.509058 0.082813 0.145833
0 0.508886 0.633854 0.085938 0.105556
0 0.771457 0.171102 0.092188 0.134722
0 0.162369 0.553089 0.101562 0.102778
0 0.743427 0.483885 0.125781 0.168056
0 0.835471 0.559931 0.103906 0.151389
0 0.277761 0.432215 0.100781 0.116667
0 0.166403 0.426395 0.129688 0.119444
0 0.376011 0.470726 0.092969 0.111111
0 0.455469 0.523611 0.073437 0.130556
0 0.292188 0.584722 0.125000 0.136111
0 0.629687 0.609028 0.084375 0.129167
0 0.725391 0.656250 0.113281 0.137500
