0 0.689893 0.172288 0.070312 0.163889
0 0.306779 0.470215 0.095312 0.131944
0 0.216815 0.488832 0.105469 0.127778
0 0.367383 0.485150 0.086719 0.109722
0 0.451985 0.610852 0.092188 0.106944
0 0.598748 0.524259 0.116406 0.118056
0 0.770633 0.185296 0.091406 0.130556
0 0.666024 0.453019 0.094531 0.136111
0 0.848173 0.560747 0.147656 0.123611
0 0.552938 0.658196 0.088281 0.116667
0 0.357459 0.583625 0.094531 0.126389
0 0.742969 0.429861 0.075000 0.159722
0 0.448828 0.499306 0.078906 0.134722
0 0.123828 0.513194 0.121094 0.145833
