0 0.584784 0.407433 0.078125 0.156944
0 0.592449 0.128778 0.085938 0.177778
0 0.164286 0.663133 0.114063 0.173611
0 0.525980 0.715453 0.085938 0.163889
0 0.927764 0.118433 0.090625 0.154167
0 0.970974 0.751586 0.064062 0.155556
0 0.908519 0.553485 0.110937 0.125000
0 0.092547 0.453336 0.075781 0.129167
0 0.121192 0.321562 0.043750 0.100000
0 0.892636 0.736013 0.082813 0.126389
0 0.185543 0.091625 0.111719 0.147222
0 0.253465 0.367187 0.120312 0.112500
0 0.172953 0.320004 0.046094 0.097222
0 0.197333 0.467624 0.088281 0.113889
0 0.653406 0.421246 0.057031 0.112500
0 0.329688 0.220833 0.076563 0.113889
0 0.046094 0.107639 0.092188 0.165278
