0 0.754624 0.201171 0.094531 0.166667
0 0.841733 0.443036 0.146094 0.119444
0 0.833274 0.598355 0.127344 0.122222
0 0.147163 0.476258 0.130469 0.105556
0 0.156634 0.596649 0.154687 0.097222
0 0.346075 0.453436 0.081250 0.140278
0 0.252688 0.419309 0.108594 0.116667
0 0.954313 0.395188 0.082031 0.104167
0 0.945347 0.662524 0.107031 0.136111
0 0.432019 0.452900 0.093750 0.163889
0 0.558102 0.411021 0.078906 0.111111
0 0.557777 0.512827 0.091406 0.116667
0 0.291935 0.580843 0.111719 0.120833
0 0.717578 0.465972 0.100781 0.168056
