0 0.292887 0.331630 0.112500 0.144444
0 0.565432 0.616691 0.096875 0.161111
0 0.305680 0.128895 0.091406 0.120833
0 0.292888 0.331630 0.112500 0.144444
0 0.565441 0.616682 0.096875 0.161111
0 0.305688 0.128889 0.091406 0.120833
0 0.292887 0.331629 0.112500 0.144444
0 0.565432 0.616691 0.096875 0.161111
0 0.305683 0.128894 0.091406 0.120833
0 0.292887 0.331629 0.112500 0.144444
0 0.565439 0.616676 0.096875 0.161111
0 0.305683 0.128892 0.091406 0.120833
0 0.222221 0.884031 0.053906 0.176389
0 0.421806 0.801939 0.073437 0.156944
0 0.109365 0.863835 0.131250 0.144444
0 0.307475 0.943875 0.102344 0.094444
0 0.680499 0.847920 0.104687 0.143056
0 0.676849 0.940915 0.110156 0.115278
0 0.559058 0.792885 0.075000 0.161111
0 0.810177 0.900010 0.118750 0.191667
0 0.294474 0.826461 0.078125 0.136111
0 0.915724 0.859201 0.124219 0.159722
0 0.459779 0.913286 0.066406 0.162500
