0 0.689816 0.172212 0.070312 0.163889
0 0.770157 0.176562 0.092188 0.134722
0 0.237107 0.435528 0.119531 0.148611
0 0.137902 0.454844 0.080469 0.123611
0 0.457416 0.494044 0.069531 0.133333
0 0.562945 0.502545 0.067969 0.127778
0 0.659288 0.527097 0.118750 0.129167
0 0.392054 0.504064 0.070312 0.113889
0 0.556856 0.620563 0.085938 0.130556
0 0.764832 0.472989 0.117188 0.104167
0 0.629120 0.686206 0.080469 0.147222
0 0.889818 0.560414 0.136719 0.156944
0 0.244146 0.521499 0.130469 0.070833
0 0.321489 0.443139 0.083594 0.144444
0 0.461448 0.628147 0.085156 0.129167
0 0.276953 0.627778 0.136719 0.127778
