0 0.695703 0.179861 0.075781 0.154167
0 0.796875 0.169444 0.040625 0.102778
0 0.275000 0.427778 0.101562 0.122222
0 0.348047 0.636111 0.078906 0.130556
0 0.408203 0.465972 0.074219 0.134722
0 0.470313 0.497222 0.070312 0.102778
0 0.506250 0.405556 0.064062 0.111111
0 0.576172 0.388194 0.077344 0.123611
0 0.564453 0.490972 0.060156 0.081944
0 0.666016 0.474306 0.082031 0.134722
0 0.750781 0.597222 0.096875 0.125000
0 0.837500 0.610417 0.092188 0.109722
0 0.783203 0.351389 0.096094 0.102778
0 0.761328 0.456250 0.077344 0.106944
0 0.835938 0.506250 0.093750 0.093056
0 0.317969 0.516667 0.087500 0.100000
0 0.180859 0.490972 0.099219 0.129167
