0 0.584769 0.407486 0.078125 0.156944
0 0.659322 0.407429 0.061719 0.168056
0 0.900542 0.553799 0.104687 0.144444
0 0.598670 0.121364 0.085938 0.177778
0 0.164103 0.651559 0.114063 0.173611
0 0.107974 0.441662 0.089844 0.123611
0 0.525927 0.715402 0.085938 0.163889
0 0.933600 0.114398 0.090625 0.154167
0 0.104301 0.317780 0.075781 0.111111
0 0.104915 0.122619 0.132812 0.141667
0 0.272826 0.140950 0.117969 0.169444
0 0.198780 0.452758 0.092969 0.129167
0 0.172939 0.318062 0.067969 0.131944
0 0.110132 0.852761 0.156250 0.175000
0 0.860547 0.845833 0.183594 0.194444
