0 0.750426 0.208035 0.089844 0.151389
0 0.374239 0.444397 0.082813 0.158333
0 0.443818 0.520033 0.090625 0.101389
0 0.501925 0.449925 0.074219 0.155556
0 0.457982 0.638152 0.105469 0.120833
0 0.589792 0.441549 0.090625 0.191667
0 0.683083 0.375637 0.102344 0.137500
0 0.852839 0.426235 0.108594 0.138889
0 0.761738 0.440959 0.067188 0.176389
0 0.265887 0.433449 0.119531 0.163889
0 0.039411 0.204479 0.071094 0.150000
0 0.289599 0.603592 0.125781 0.134722
0 0.121790 0.236583 0.078906 0.098611
0 0.135547 0.403472 0.136719 0.165278
