0 0.691034 0.336263 0.107031 0.133333
0 0.694696 0.470989 0.098438 0.115278
0 0.157449 0.357974 0.119531 0.108333
0 0.513552 0.446225 0.086719 0.137500
0 0.500840 0.613684 0.087500 0.154167
0 0.691033 0.336261 0.107031 0.133333
0 0.694695 0.470990 0.098438 0.115278
0 0.157445 0.357973 0.119531 0.108333
0 0.513553 0.446227 0.086719 0.137500
0 0.499365 0.614436 0.087500 0.154167
0 0.134600 0.434898 0.149219 0.086111
0 0.411001 0.398481 0.084375 0.136111
0 0.050430 0.318606 0.093750 0.108333
0 0.361233 0.542867 0.100000 0.119444
0 0.787063 0.292902 0.078906 0.113889
0 0.268750 0.402778 0.104687 0.136111
