0 0.564601 0.468199 0.075781 0.113889
0 0.660322 0.444189 0.065625 0.066667
0 0.652017 0.387220 0.088281 0.094444
0 0.720446 0.510985 0.096875 0.105556
0 0.751225 0.603688 0.110156 0.118056
0 0.480549 0.357797 0.090625 0.129167
0 0.692739 0.185733 0.076563 0.156944
0 0.440443 0.492222 0.064844 0.091667
0 0.760396 0.182843 0.050781 0.091667
0 0.386166 0.389665 0.065625 0.109722
0 0.108925 0.634904 0.130469 0.100000
0 0.205444 0.543748 0.129688 0.098611
0 0.323452 0.468763 0.093750 0.120833
0 0.816016 0.525000 0.086719 0.111111
0 0.907422 0.575694 0.117969 0.131944
0 0.629687 0.608333 0.081250 0.111111
