0 0.584724 0.407716 0.078125 0.156944
0 0.659761 0.409721 0.061719 0.168056
0 0.598681 0.120259 0.085938 0.177778
0 0.167228 0.647121 0.114063 0.173611
0 0.525959 0.715446 0.085938 0.163889
0 0.924663 0.115070 0.090625 0.154167
0 0.964716 0.757278 0.064062 0.155556
0 0.908280 0.553423 0.110937 0.125000
0 0.181940 0.317228 0.083594 0.115278
0 0.108229 0.307035 0.061719 0.105556
0 0.087966 0.905849 0.132031 0.169444
0 0.162952 0.104429 0.050781 0.098611
0 0.075101 0.098404 0.142969 0.144444
0 0.416923 0.186033 0.055469 0.123611
0 0.250653 0.120503 0.117969 0.162500
0 0.324926 0.333298 0.113281 0.150000
0 0.187500 0.450694 0.081250 0.109722
0 0.102734 0.445833 0.080469 0.100000
