0 0.750007 0.398571 0.135937 0.147222
0 0.751249 0.196493 0.116406 0.151389
0 0.071306 0.670464 0.135937 0.144444
0 0.778247 0.568563 0.128906 0.126389
0 0.845353 0.434013 0.098438 0.118056
0 0.946174 0.411724 0.106250 0.148611
0 0.131343 0.407756 0.186719 0.109722
0 0.193263 0.622596 0.147656 0.125000
0 0.487485 0.438133 0.081250 0.156944
0 0.598823 0.438167 0.089844 0.140278
0 0.230078 0.289583 0.144531 0.120833
0 0.401172 0.445139 0.075781 0.131944
0 0.302344 0.457639 0.096875 0.156944
0 0.202344 0.504861 0.121875 0.090278
0 0.100781 0.297917 0.126563 0.101389
0 0.108594 0.179167 0.089062 0.108333
