0 0.697034 0.178072 0.075781 0.154167
0 0.780376 0.197635 0.079687 0.105556
0 0.413422 0.385085 0.067188 0.116667
0 0.370482 0.474807 0.085938 0.111111
0 0.564670 0.468193 0.075781 0.113889
0 0.168950 0.674745 0.138281 0.119444
0 0.660248 0.444007 0.065625 0.066667
0 0.651998 0.387083 0.088281 0.094444
0 0.749621 0.610206 0.101562 0.104167
0 0.917596 0.589815 0.117188 0.125000
0 0.814090 0.482614 0.085938 0.129167
0 0.176567 0.472257 0.139062 0.080556
0 0.135024 0.564263 0.128906 0.076389
0 0.720379 0.511064 0.096875 0.105556
0 0.645876 0.613016 0.100000 0.126389
0 0.475028 0.354088 0.084375 0.119444
0 0.467209 0.475556 0.076563 0.109722
