0 0.757091 0.195800 0.093750 0.155556
0 0.080396 0.200147 0.075000 0.093056
0 0.372284 0.616379 0.097656 0.087500
0 0.371687 0.520701 0.087500 0.105556
0 0.475878 0.457560 0.078125 0.090278
0 0.559074 0.540797 0.071875 0.095833
0 0.613955 0.429925 0.082813 0.109722
0 0.701011 0.425840 0.082031 0.104167
0 0.755332 0.663367 0.091406 0.122222
0 0.800801 0.372219 0.117188 0.136111
0 0.163370 0.599964 0.138281 0.098611
0 0.810131 0.495108 0.114063 0.105556
0 0.932478 0.462591 0.132031 0.091667
0 0.704303 0.543552 0.085156 0.094444
0 0.461609 0.585551 0.081250 0.111111
0 0.807692 0.609719 0.103125 0.109722
