0 0.555242 0.466797 0.075781 0.113889
0 0.688362 0.175248 0.076563 0.156944
0 0.763571 0.178043 0.050781 0.091667
0 0.808264 0.527821 0.083594 0.105556
0 0.312576 0.470360 0.096875 0.104167
0 0.635742 0.604205 0.091406 0.122222
0 0.453999 0.339273 0.087500 0.140278
0 0.182617 0.577724 0.135937 0.100000
0 0.378092 0.364056 0.082813 0.130556
0 0.874494 0.600695 0.096875 0.125000
0 0.441016 0.472222 0.085156 0.097222
0 0.648438 0.386806 0.078125 0.081944
0 0.653516 0.454861 0.057031 0.054167
0 0.726562 0.620833 0.089062 0.091667
0 0.694141 0.540972 0.097656 0.101389
0 0.742188 0.305556 0.112500 0.119444
