0 0.756969 0.195673 0.093750 0.155556
0 0.080433 0.200562 0.075000 0.093056
0 0.216110 0.467410 0.128125 0.106944
0 0.243661 0.601380 0.104687 0.123611
0 0.372662 0.616338 0.097656 0.087500
0 0.371790 0.520688 0.087500 0.105556
0 0.475850 0.457555 0.078125 0.090278
0 0.465092 0.582639 0.071875 0.113889
0 0.568530 0.524495 0.071875 0.095833
0 0.614016 0.429942 0.082813 0.109722
0 0.700981 0.425930 0.082031 0.104167
0 0.690777 0.535890 0.085938 0.109722
0 0.805714 0.602436 0.110156 0.098611
0 0.755146 0.661645 0.091406 0.122222
0 0.809716 0.525326 0.129688 0.105556
0 0.937349 0.201905 0.145313 0.152778
0 0.133439 0.534534 0.098438 0.091667
0 0.807422 0.381944 0.103906 0.119444
