0 0.237398 0.499640 0.098438 0.136111
0 0.368872 0.461174 0.099219 0.111111
0 0.719756 0.537379 0.135937 0.102778
0 0.138331 0.454788 0.095312 0.137500
0 0.581710 0.638319 0.113281 0.180556
0 0.756674 0.663893 0.130469 0.126389
0 0.926164 0.424224 0.089844 0.140278
0 0.750609 0.207550 0.089844 0.151389
0 0.821937 0.430398 0.103125 0.141667
0 0.661770 0.423183 0.096875 0.138889
0 0.581042 0.469353 0.083594 0.130556
0 0.479688 0.452083 0.064062 0.176389
0 0.390234 0.308333 0.089844 0.130556
0 0.342969 0.588194 0.100000 0.118056
0 0.077344 0.576389 0.154687 0.091667
