0 0.178081 0.447148 0.093750 0.133333
0 0.531662 0.401892 0.078125 0.144444
0 0.610610 0.411146 0.103906 0.172222
0 0.575292 0.554233 0.078906 0.147222
0 0.723518 0.512700 0.104687 0.150000
0 0.827713 0.518505 0.096875 0.112500
0 0.781621 0.409843 0.117969 0.097222
0 0.898833 0.361525 0.128906 0.172222
0 0.808897 0.195444 0.042188 0.137500
0 0.760913 0.193082 0.060938 0.150000
0 0.691136 0.186747 0.088281 0.187500
0 0.297578 0.361072 0.100000 0.133333
0 0.057358 0.622936 0.111719 0.147222
0 0.274414 0.472931 0.088281 0.129167
0 0.380859 0.513889 0.096094 0.133333
0 0.385547 0.386111 0.082031 0.116667
0 0.058203 0.485417 0.116406 0.126389
