0 0.754627 0.201154 0.094531 0.166667
0 0.725746 0.500696 0.123438 0.168056
0 0.841723 0.443089 0.146094 0.119444
0 0.833366 0.598202 0.127344 0.122222
0 0.147194 0.476253 0.130469 0.105556
0 0.156335 0.597664 0.154687 0.097222
0 0.346061 0.453461 0.081250 0.140278
0 0.252762 0.419359 0.108594 0.116667
0 0.954250 0.395227 0.082031 0.104167
0 0.943293 0.663217 0.107031 0.136111
0 0.432032 0.452905 0.093750 0.163889
0 0.558196 0.411134 0.078906 0.111111
0 0.565751 0.516719 0.091406 0.116667
0 0.294922 0.581250 0.111719 0.120833
