0 0.610560 0.411514 0.103906 0.172222
0 0.723520 0.512571 0.104687 0.150000
0 0.827739 0.519698 0.096875 0.112500
0 0.781641 0.409683 0.117969 0.097222
0 0.898804 0.362218 0.128906 0.172222
0 0.811245 0.200007 0.042188 0.137500
0 0.767830 0.196849 0.060938 0.150000
0 0.691518 0.186502 0.088281 0.187500
0 0.297520 0.361028 0.100000 0.133333
0 0.274467 0.476601 0.088281 0.129167
0 0.361349 0.437044 0.096094 0.133333
0 0.058217 0.485180 0.116406 0.126389
0 0.504245 0.410793 0.085156 0.145833
0 0.064969 0.606923 0.128906 0.141667
0 0.375521 0.343547 0.067969 0.108333
0 0.425000 0.231944 0.098438 0.188889
0 0.188281 0.506250 0.100000 0.112500
0 0.555078 0.531944 0.096094 0.119444
