0 0.752791 0.193735 0.082813 0.147222
0 0.680113 0.416280 0.075781 0.100000
0 0.921924 0.427788 0.143750 0.141667
0 0.343401 0.441627 0.097656 0.113889
0 0.868294 0.601318 0.157031 0.116667
0 0.794972 0.439644 0.108594 0.140278
0 0.436682 0.436828 0.093750 0.143056
0 0.262144 0.553564 0.138281 0.104167
0 0.090781 0.584515 0.140625 0.122222
0 0.139865 0.485428 0.107813 0.109722
0 0.237878 0.456178 0.103906 0.101389
0 0.390234 0.597917 0.107031 0.154167
0 0.525391 0.433333 0.064844 0.188889
0 0.672656 0.524306 0.139062 0.148611
