0 0.564608 0.468268 0.075781 0.113889
0 0.660351 0.444226 0.065625 0.066667
0 0.652061 0.387452 0.088281 0.094444
0 0.720526 0.510900 0.096875 0.105556
0 0.688208 0.175199 0.076563 0.156944
0 0.763980 0.176990 0.050781 0.091667
0 0.808110 0.527855 0.083594 0.105556
0 0.910285 0.585601 0.106250 0.120833
0 0.312547 0.470368 0.096875 0.104167
0 0.639346 0.610131 0.091406 0.122222
0 0.453918 0.340225 0.087500 0.140278
0 0.182866 0.577656 0.135937 0.100000
0 0.441000 0.442740 0.060938 0.083333
0 0.378079 0.364240 0.082813 0.130556
0 0.728880 0.625724 0.096875 0.120833
