0 0.292906 0.331644 0.112500 0.144444
0 0.565403 0.616646 0.096875 0.161111
0 0.305958 0.147286 0.091406 0.120833
0 0.292907 0.331644 0.112500 0.144444
0 0.565409 0.616646 0.096875 0.161111
0 0.305960 0.147284 0.091406 0.120833
0 0.292906 0.331644 0.112500 0.144444
0 0.565403 0.616646 0.096875 0.161111
0 0.305958 0.147287 0.091406 0.120833
0 0.292906 0.331644 0.112500 0.144444
0 0.565404 0.616644 0.096875 0.161111
0 0.305958 0.147286 0.091406 0.120833
0 0.875384 0.912440 0.115625 0.166667
0 0.378581 0.933275 0.085156 0.108333
0 0.636403 0.835343 0.080469 0.181944
0 0.747269 0.868203 0.100781 0.144444
0 0.291502 0.852933 0.082813 0.163889
0 0.492939 0.787284 0.082813 0.141667
0 0.136222 0.852143 0.152344 0.118056
0 0.367969 0.807639 0.075000 0.140278
0 0.500000 0.913194 0.064062 0.118056
