0 0.697455 0.165228 0.075781 0.154167
0 0.784087 0.181534 0.079687 0.105556
0 0.413572 0.385003 0.067188 0.116667
0 0.370050 0.475034 0.085938 0.111111
0 0.465831 0.489401 0.058594 0.086111
0 0.702242 0.371357 0.101562 0.093056
0 0.676812 0.587579 0.094531 0.113889
0 0.780460 0.614496 0.093750 0.123611
0 0.776445 0.509084 0.104687 0.098611
0 0.687886 0.460402 0.074219 0.084722
0 0.564517 0.468194 0.075781 0.113889
0 0.484405 0.354712 0.081250 0.118056
0 0.132524 0.594795 0.108594 0.087500
0 0.220313 0.482639 0.126563 0.106944
0 0.223828 0.683333 0.138281 0.119444
