0 0.749994 0.187618 0.093750 0.155556
0 0.080310 0.201716 0.075000 0.093056
0 0.619622 0.404979 0.079687 0.111111
0 0.688337 0.676779 0.089844 0.122222
0 0.741366 0.363935 0.135937 0.122222
0 0.866004 0.465940 0.111719 0.123611
0 0.240791 0.644543 0.101562 0.108333
0 0.538535 0.442794 0.095312 0.127778
0 0.744102 0.459585 0.105469 0.111111
0 0.080406 0.598793 0.146875 0.106944
0 0.259088 0.530367 0.116406 0.105556
0 0.769396 0.597581 0.101562 0.115278
0 0.639417 0.488862 0.099219 0.088889
0 0.456250 0.492361 0.067188 0.123611
0 0.363672 0.581250 0.108594 0.098611
0 0.358594 0.450694 0.082813 0.109722
