0 0.572601 0.394648 0.103906 0.172222
0 0.723936 0.513266 0.104687 0.150000
0 0.825935 0.514229 0.096875 0.112500
0 0.781557 0.409679 0.117969 0.097222
0 0.898822 0.362054 0.128906 0.172222
0 0.765543 0.190778 0.060938 0.150000
0 0.691153 0.186510 0.088281 0.187500
0 0.058266 0.485230 0.116406 0.126389
0 0.364943 0.402089 0.056250 0.130556
0 0.330975 0.506458 0.093750 0.095833
0 0.262148 0.407033 0.096094 0.163889
0 0.168451 0.434012 0.099219 0.145833
0 0.477322 0.372717 0.087500 0.131944
0 0.549829 0.458655 0.099219 0.123611
0 0.829918 0.198074 0.082031 0.131944
0 0.111719 0.629861 0.167187 0.101389
0 0.232812 0.681250 0.150000 0.109722
