0 0.358474 0.450715 0.082813 0.109722
0 0.352393 0.579897 0.084375 0.129167
0 0.444708 0.510179 0.074219 0.125000
0 0.104072 0.598765 0.159375 0.105556
0 0.237647 0.618656 0.102344 0.091667
0 0.493745 0.447101 0.064062 0.138889
0 0.752244 0.594283 0.114063 0.108333
0 0.681351 0.665383 0.104687 0.136111
0 0.704593 0.333421 0.101562 0.122222
0 0.560933 0.393708 0.076563 0.101389
0 0.233519 0.528999 0.104687 0.108333
0 0.832428 0.425740 0.138281 0.137500
0 0.085748 0.189944 0.077344 0.109722
0 0.685805 0.457357 0.100781 0.120833
0 0.757643 0.185304 0.096875 0.152778
0 0.576953 0.499306 0.086719 0.098611
