0 0.690086 0.172418 0.070312 0.163889
0 0.772738 0.186874 0.091406 0.130556
0 0.556792 0.450409 0.066406 0.144444
0 0.614781 0.424277 0.065625 0.126389
0 0.794578 0.383173 0.148438 0.136111
0 0.672532 0.549852 0.117969 0.129167
0 0.371921 0.725214 0.003906 0.001389
0 0.678872 0.413262 0.076563 0.126389
0 0.818890 0.549109 0.126563 0.129167
0 0.192483 0.509451 0.123438 0.097222
0 0.416288 0.586708 0.079687 0.104167
0 0.451762 0.477705 0.075000 0.130556
0 0.253615 0.429652 0.146094 0.104167
0 0.112891 0.673611 0.142969 0.133333
