0 0.689839 0.172184 0.070312 0.163889
0 0.755065 0.183133 0.092188 0.134722
0 0.237140 0.436370 0.119531 0.148611
0 0.562947 0.502772 0.067969 0.127778
0 0.561536 0.627855 0.085938 0.130556
0 0.629009 0.686020 0.080469 0.147222
0 0.900473 0.566292 0.136719 0.156944
0 0.650744 0.521283 0.132812 0.120833
0 0.750122 0.477661 0.092188 0.161111
0 0.282784 0.475977 0.107813 0.119444
0 0.439635 0.642953 0.092188 0.130556
0 0.379576 0.495847 0.070312 0.122222
0 0.460078 0.499277 0.081250 0.145833
0 0.242200 0.565318 0.146875 0.126389
0 0.093359 0.566667 0.122656 0.127778
