0 0.689816 0.172189 0.070312 0.163889
0 0.770844 0.175479 0.092188 0.134722
0 0.237126 0.435393 0.119531 0.148611
0 0.137878 0.454851 0.080469 0.123611
0 0.319070 0.472497 0.086719 0.119444
0 0.457414 0.494220 0.069531 0.133333
0 0.242347 0.568661 0.121875 0.137500
0 0.654521 0.689990 0.102344 0.127778
0 0.454461 0.629162 0.089844 0.123611
0 0.562977 0.502736 0.067969 0.127778
0 0.120133 0.666033 0.131250 0.113889
0 0.659382 0.527178 0.118750 0.129167
0 0.918312 0.414279 0.130469 0.093056
0 0.210156 0.672222 0.107813 0.108333
0 0.392188 0.504167 0.070312 0.113889
0 0.560156 0.616667 0.085938 0.130556
0 0.828516 0.553472 0.114844 0.115278
0 0.764844 0.472917 0.117188 0.104167
0 0.043750 0.597917 0.085938 0.126389
