0 0.754390 0.201675 0.094531 0.166667
0 0.417639 0.457614 0.067969 0.137500
0 0.142969 0.472930 0.115625 0.087500
0 0.785558 0.455574 0.124219 0.155556
0 0.903549 0.420194 0.128906 0.134722
0 0.647624 0.481535 0.095312 0.168056
0 0.329256 0.457010 0.080469 0.141667
0 0.237922 0.421651 0.116406 0.118056
0 0.501947 0.504854 0.103125 0.129167
0 0.521968 0.422991 0.068750 0.104167
0 0.897937 0.647632 0.160938 0.176389
0 0.739409 0.607099 0.138281 0.152778
0 0.151060 0.590368 0.138281 0.100000
0 0.282711 0.582057 0.113281 0.137500
