0 0.292953 0.332030 0.112500 0.144444
0 0.308940 0.137499 0.098438 0.112500
0 0.564991 0.616526 0.096875 0.161111
0 0.729338 0.911988 0.097656 0.154167
0 0.823916 0.865866 0.107031 0.150000
0 0.947865 0.928406 0.102344 0.134722
0 0.209261 0.861661 0.098438 0.129167
0 0.834390 0.960266 0.106250 0.070833
0 0.598472 0.807539 0.096875 0.162500
0 0.607120 0.939574 0.070312 0.109722
0 0.313134 0.920780 0.079687 0.138889
0 0.496854 0.928051 0.071875 0.127778
0 0.466201 0.828642 0.060938 0.130556
0 0.372266 0.882639 0.064844 0.176389
