0 0.292859 0.331602 0.112500 0.144444
0 0.565304 0.617042 0.096875 0.161111
0 0.306790 0.153683 0.091406 0.120833
0 0.292860 0.331602 0.112500 0.144444
0 0.565310 0.617045 0.096875 0.161111
0 0.306815 0.153662 0.091406 0.120833
0 0.292859 0.331601 0.112500 0.144444
0 0.565304 0.617042 0.096875 0.161111
0 0.306796 0.153680 0.091406 0.120833
0 0.292859 0.331601 0.112500 0.144444
0 0.565306 0.617028 0.096875 0.161111
0 0.306798 0.153675 0.091406 0.120833
0 0.421771 0.802103 0.073437 0.156944
0 0.680523 0.848192 0.104687 0.143056
0 0.915981 0.860054 0.124219 0.159722
0 0.799616 0.877871 0.105469 0.194444
0 0.684549 0.951411 0.089844 0.094444
0 0.575796 0.800153 0.062500 0.163889
0 0.433544 0.931562 0.082813 0.130556
0 0.241752 0.837475 0.096094 0.130556
0 0.140625 0.853472 0.106250 0.151389
