0 0.703133 0.194259 0.075781 0.154167
0 0.773541 0.204967 0.079687 0.105556
0 0.413607 0.385150 0.067188 0.116667
0 0.370235 0.474799 0.085938 0.111111
0 0.564539 0.468199 0.075781 0.113889
0 0.172903 0.680479 0.138281 0.119444
0 0.660251 0.444257 0.065625 0.066667
0 0.652006 0.387378 0.088281 0.094444
0 0.749758 0.609794 0.101562 0.104167
0 0.910134 0.593025 0.117188 0.125000
0 0.814074 0.482543 0.085938 0.129167
0 0.176599 0.472226 0.139062 0.080556
0 0.144258 0.547311 0.128906 0.076389
0 0.720390 0.510998 0.096875 0.105556
0 0.650216 0.630351 0.100000 0.126389
0 0.475015 0.354173 0.084375 0.119444
0 0.467488 0.476933 0.076563 0.109722
0 0.069140 0.485905 0.100781 0.100000
