0 0.754939 0.181488 0.093750 0.155556
0 0.080573 0.201775 0.075000 0.093056
0 0.800951 0.372185 0.117188 0.136111
0 0.806756 0.498150 0.114063 0.105556
0 0.932519 0.462672 0.132031 0.091667
0 0.791624 0.601730 0.103125 0.109722
0 0.162574 0.603087 0.156250 0.119444
0 0.402323 0.459612 0.085938 0.108333
0 0.300780 0.522807 0.087500 0.084722
0 0.389798 0.594778 0.074219 0.113889
0 0.297699 0.611102 0.100000 0.088889
0 0.564842 0.456272 0.071875 0.156944
0 0.661766 0.418057 0.082813 0.116667
0 0.649609 0.540972 0.085156 0.112500
0 0.741797 0.667361 0.110156 0.129167
0 0.502734 0.480556 0.058594 0.147222
