0 0.584669 0.407579 0.078125 0.156944
0 0.662270 0.416598 0.061719 0.168056
0 0.919762 0.109242 0.104687 0.155556
0 0.901517 0.553957 0.104687 0.144444
0 0.904036 0.743974 0.104687 0.170833
0 0.216503 0.063070 0.120312 0.123611
0 0.124974 0.050119 0.061719 0.100000
0 0.184177 0.330348 0.081250 0.104167
0 0.597525 0.116334 0.085938 0.177778
0 0.202916 0.470015 0.109375 0.136111
0 0.177513 0.649362 0.114063 0.173611
0 0.102490 0.305534 0.066406 0.147222
0 0.102917 0.442955 0.085938 0.144444
0 0.105352 0.934786 0.125000 0.127778
0 0.258984 0.915278 0.103906 0.166667
0 0.481250 0.763889 0.095312 0.175000
