0 0.584681 0.407529 0.078125 0.156944
0 0.662219 0.416202 0.061719 0.168056
0 0.919720 0.108083 0.104687 0.155556
0 0.901092 0.553941 0.104687 0.144444
0 0.903559 0.745568 0.104687 0.170833
0 0.216507 0.063118 0.120312 0.123611
0 0.124602 0.050096 0.061719 0.100000
0 0.183575 0.330086 0.081250 0.104167
0 0.597506 0.116722 0.085938 0.177778
0 0.195860 0.457445 0.109375 0.136111
0 0.178525 0.651130 0.114063 0.173611
0 0.109448 0.504052 0.069531 0.154167
0 0.102326 0.305151 0.066406 0.147222
0 0.120312 0.934722 0.148438 0.127778
0 0.322656 0.917361 0.140625 0.162500
0 0.477734 0.759028 0.083594 0.159722
