0 0.292908 0.331807 0.112500 0.144444
0 0.565173 0.616917 0.096875 0.161111
0 0.759530 0.872304 0.092188 0.141667
0 0.310751 0.135662 0.091406 0.120833
0 0.168351 0.870268 0.110156 0.148611
0 0.292909 0.331807 0.112500 0.144444
0 0.565174 0.616912 0.096875 0.161111
0 0.759533 0.872306 0.092188 0.141667
0 0.310752 0.135661 0.091406 0.120833
0 0.168351 0.870269 0.110156 0.148611
0 0.289370 0.866535 0.066406 0.161111
0 0.292908 0.331808 0.112500 0.144444
0 0.565174 0.616913 0.096875 0.161111
0 0.759530 0.872305 0.092188 0.141667
0 0.310751 0.135663 0.091406 0.120833
0 0.168351 0.870268 0.110156 0.148611
0 0.292908 0.331808 0.112500 0.144444
0 0.565174 0.616912 0.096875 0.161111
0 0.759533 0.872306 0.092188 0.141667
0 0.310751 0.135661 0.091406 0.120833
0 0.168348 0.870270 0.110156 0.148611
0 0.289370 0.866535 0.066406 0.161111
0 0.875093 0.911319 0.115625 0.166667
0 0.481160 0.776284 0.087500 0.130556
0 0.486228 0.920146 0.063281 0.109722
0 0.383298 0.932599 0.075781 0.120833
0 0.627811 0.861744 0.082031 0.190278
0 0.364844 0.800000 0.073437 0.147222
