0 0.292888 0.331735 0.112500 0.144444
0 0.565327 0.617010 0.096875 0.161111
0 0.297588 0.116604 0.091406 0.120833
0 0.292889 0.331735 0.112500 0.144444
0 0.565334 0.617006 0.096875 0.161111
0 0.297599 0.116595 0.091406 0.120833
0 0.292888 0.331734 0.112500 0.144444
0 0.565327 0.617010 0.096875 0.161111
0 0.297591 0.116603 0.091406 0.120833
0 0.292888 0.331734 0.112500 0.144444
0 0.565331 0.617000 0.096875 0.161111
0 0.297591 0.116601 0.091406 0.120833
0 0.222214 0.884031 0.053906 0.176389
0 0.421805 0.801966 0.073437 0.156944
0 0.109464 0.863886 0.131250 0.144444
0 0.307375 0.944008 0.102344 0.094444
0 0.472672 0.905615 0.046875 0.161111
0 0.680439 0.847934 0.104687 0.143056
0 0.676862 0.940892 0.110156 0.115278
0 0.565625 0.800000 0.075000 0.161111
0 0.810156 0.900000 0.118750 0.191667
0 0.303906 0.828472 0.064062 0.145833
