0 0.584702 0.407557 0.078125 0.156944
0 0.661228 0.416471 0.061719 0.168056
0 0.919663 0.141174 0.104687 0.155556
0 0.901071 0.553839 0.104687 0.144444
0 0.902644 0.743770 0.104687 0.170833
0 0.216457 0.063209 0.120312 0.123611
0 0.597756 0.117044 0.085938 0.177778
0 0.178318 0.650133 0.114063 0.173611
0 0.174962 0.324273 0.079687 0.118056
0 0.208150 0.464923 0.115625 0.118056
0 0.519610 0.736772 0.096094 0.145833
0 0.099623 0.454228 0.089844 0.123611
0 0.113849 0.314369 0.050781 0.137500
0 0.162500 0.881250 0.143750 0.195833
