0 0.757040 0.195030 0.093750 0.155556
0 0.080850 0.200288 0.075000 0.093056
0 0.322727 0.611993 0.097656 0.087500
0 0.614008 0.429833 0.082813 0.109722
0 0.759734 0.676139 0.091406 0.122222
0 0.800919 0.372158 0.117188 0.136111
0 0.808892 0.494977 0.114063 0.105556
0 0.932475 0.462618 0.132031 0.091667
0 0.453873 0.587573 0.081250 0.111111
0 0.817437 0.609731 0.103125 0.109722
0 0.558253 0.508192 0.074219 0.102778
0 0.190311 0.586639 0.169531 0.102778
0 0.687711 0.518887 0.085938 0.104167
0 0.676945 0.388176 0.078906 0.123611
0 0.451573 0.455331 0.075000 0.105556
0 0.314063 0.517361 0.120312 0.095833
