0 0.688449 0.175185 0.076563 0.156944
0 0.378229 0.363773 0.082813 0.130556
0 0.656604 0.395246 0.078906 0.076389
0 0.651722 0.448391 0.051562 0.040278
0 0.777266 0.505695 0.101562 0.088889
0 0.312653 0.477833 0.109375 0.097222
0 0.755202 0.175987 0.061719 0.106944
0 0.544024 0.466053 0.082031 0.115278
0 0.420437 0.481679 0.074219 0.097222
0 0.689979 0.517558 0.103906 0.088889
0 0.165085 0.587485 0.153125 0.116667
0 0.462106 0.339556 0.072656 0.140278
0 0.806559 0.589644 0.120312 0.094444
0 0.720265 0.617717 0.108594 0.130556
0 0.603452 0.613699 0.099219 0.119444
