0 0.292938 0.331840 0.112500 0.144444
0 0.565109 0.616836 0.096875 0.161111
0 0.759444 0.872429 0.092188 0.141667
0 0.309899 0.135899 0.091406 0.120833
0 0.168313 0.870297 0.110156 0.148611
0 0.292939 0.331840 0.112500 0.144444
0 0.565111 0.616832 0.096875 0.161111
0 0.759447 0.872430 0.092188 0.141667
0 0.309900 0.135897 0.091406 0.120833
0 0.168313 0.870297 0.110156 0.148611
0 0.289424 0.866471 0.066406 0.161111
0 0.292938 0.331840 0.112500 0.144444
0 0.565111 0.616833 0.096875 0.161111
0 0.759443 0.872430 0.092188 0.141667
0 0.309899 0.135899 0.091406 0.120833
0 0.168313 0.870296 0.110156 0.148611
0 0.292938 0.331840 0.112500 0.144444
0 0.565111 0.616831 0.096875 0.161111
0 0.759447 0.872430 0.092188 0.141667
0 0.309899 0.135898 0.091406 0.120833
0 0.168311 0.870298 0.110156 0.148611
0 0.289424 0.866471 0.066406 0.161111
0 0.875165 0.910893 0.115625 0.166667
0 0.481147 0.776307 0.087500 0.130556
0 0.486273 0.920002 0.063281 0.109722
0 0.383141 0.932810 0.075781 0.120833
0 0.627833 0.861852 0.082031 0.190278
0 0.364453 0.807639 0.082031 0.137500
