0 0.689861 0.172262 0.070312 0.163889
0 0.642543 0.496514 0.089844 0.123611
0 0.615643 0.613805 0.082813 0.109722
0 0.541413 0.508954 0.082813 0.145833
0 0.471534 0.502988 0.052344 0.113889
0 0.508968 0.633241 0.085938 0.105556
0 0.719333 0.649943 0.097656 0.122222
0 0.772900 0.170242 0.092188 0.134722
0 0.299562 0.468531 0.108594 0.131944
0 0.395543 0.476855 0.082031 0.148611
0 0.285648 0.580916 0.121094 0.118056
0 0.178491 0.421497 0.150781 0.126389
0 0.162234 0.550090 0.101562 0.102778
0 0.743359 0.484028 0.125781 0.168056
0 0.849609 0.565972 0.103906 0.151389
