0 0.688307 0.175203 0.076563 0.156944
0 0.768676 0.175870 0.050781 0.091667
0 0.182997 0.577706 0.135937 0.100000
0 0.378195 0.363902 0.082813 0.130556
0 0.656667 0.395185 0.078906 0.076389
0 0.651550 0.448639 0.051562 0.040278
0 0.694706 0.532033 0.067969 0.079167
0 0.727451 0.621679 0.089062 0.112500
0 0.307040 0.494164 0.112500 0.130556
0 0.472298 0.379763 0.092969 0.123611
0 0.777409 0.505709 0.101562 0.088889
0 0.548104 0.453981 0.085156 0.108333
0 0.635885 0.623771 0.092188 0.138889
0 0.855796 0.597007 0.118750 0.127778
0 0.427734 0.468056 0.072656 0.083333
