0 0.421875 0.422917 0.084375 0.120833
0 0.394141 0.536806 0.088281 0.112500
0 0.300000 0.365278 0.104687 0.116667
0 0.274609 0.481250 0.088281 0.120833
0 0.178125 0.447222 0.093750 0.133333
0 0.063281 0.614583 0.126563 0.126389
0 0.066797 0.484722 0.133594 0.102778
0 0.463281 0.095139 0.118750 0.187500
0 0.520312 0.390278 0.078125 0.144444
0 0.610547 0.411111 0.103906 0.172222
0 0.574609 0.545833 0.078906 0.147222
0 0.723437 0.512500 0.104687 0.150000
0 0.827344 0.517361 0.096875 0.112500
0 0.781641 0.409722 0.117969 0.097222
0 0.898828 0.362500 0.128906 0.172222
0 0.806250 0.185417 0.042188 0.137500
0 0.760938 0.193056 0.060938 0.150000
0 0.691016 0.186806 0.088281 0.187500
