0 0.699610 0.196482 0.075781 0.154167
0 0.408371 0.466808 0.074219 0.134722
0 0.666181 0.474365 0.082031 0.134722
0 0.753659 0.377892 0.099219 0.083333
0 0.475796 0.489147 0.071875 0.115278
0 0.832424 0.600864 0.110156 0.104167
0 0.811379 0.507082 0.107031 0.102778
0 0.796325 0.172789 0.060938 0.108333
0 0.729687 0.443731 0.062500 0.070833
0 0.574712 0.481221 0.056250 0.093056
0 0.230071 0.437799 0.144531 0.125000
0 0.511778 0.410242 0.068750 0.101389
0 0.579753 0.381062 0.096875 0.115278
0 0.722547 0.581046 0.111719 0.108333
0 0.264062 0.528472 0.103125 0.081944
0 0.070703 0.570833 0.136719 0.097222
0 0.332031 0.618750 0.098438 0.131944
