0 0.692153 0.425652 0.114063 0.115278
0 0.747916 0.207192 0.121875 0.154167
0 0.582626 0.456323 0.095312 0.140278
0 0.590680 0.629951 0.097656 0.143056
0 0.354025 0.545151 0.122656 0.127778
0 0.237541 0.499834 0.098438 0.136111
0 0.479683 0.472450 0.071875 0.155556
0 0.344911 0.424976 0.099219 0.111111
0 0.829619 0.491650 0.104687 0.133333
0 0.140595 0.442298 0.118750 0.143056
0 0.752410 0.657086 0.134375 0.144444
0 0.923097 0.413852 0.147656 0.122222
0 0.722656 0.547222 0.135937 0.102778
0 0.087891 0.584028 0.172656 0.115278
