0 0.689939 0.172314 0.070312 0.163889
0 0.449727 0.610052 0.092188 0.106944
0 0.770429 0.185613 0.091406 0.130556
0 0.666042 0.452889 0.094531 0.136111
0 0.790861 0.585637 0.147656 0.123611
0 0.553051 0.658304 0.088281 0.116667
0 0.742886 0.429640 0.075000 0.159722
0 0.448884 0.499672 0.078906 0.134722
0 0.284323 0.469458 0.079687 0.122222
0 0.359290 0.452872 0.079687 0.130556
0 0.351648 0.596605 0.100781 0.115278
0 0.073380 0.575631 0.146094 0.122222
0 0.580433 0.535466 0.107813 0.129167
0 0.184766 0.470139 0.136719 0.123611
0 0.801953 0.475694 0.082031 0.098611
