0 0.757007 0.195912 0.093750 0.155556
0 0.080398 0.199639 0.075000 0.093056
0 0.372390 0.616517 0.097656 0.087500
0 0.371669 0.520604 0.087500 0.105556
0 0.475860 0.457490 0.078125 0.090278
0 0.562343 0.537002 0.071875 0.095833
0 0.613987 0.429946 0.082813 0.109722
0 0.701071 0.425843 0.082031 0.104167
0 0.755270 0.663450 0.091406 0.122222
0 0.800750 0.372407 0.117188 0.136111
0 0.163244 0.600014 0.138281 0.098611
0 0.810336 0.494394 0.114063 0.105556
0 0.932484 0.462527 0.132031 0.091667
0 0.704923 0.543703 0.085156 0.094444
0 0.463198 0.585982 0.081250 0.111111
0 0.807096 0.609640 0.103125 0.109722
