0 0.205834 0.429515 0.146094 0.106944
0 0.187733 0.519073 0.152344 0.093056
0 0.685999 0.174968 0.076563 0.205556
0 0.771752 0.176590 0.076563 0.175000
0 0.308131 0.570863 0.109375 0.120833
0 0.768310 0.513358 0.170312 0.140278
0 0.890337 0.440775 0.083594 0.112500
0 0.438711 0.408842 0.065625 0.141667
0 0.502061 0.386056 0.082813 0.176389
0 0.785796 0.378906 0.133594 0.147222
0 0.363571 0.471168 0.093750 0.152778
0 0.534766 0.528472 0.091406 0.115278
0 0.568359 0.365972 0.069531 0.123611
0 0.555859 0.211806 0.122656 0.179167
