0 0.689938 0.172268 0.070312 0.163889
0 0.452404 0.610231 0.092188 0.106944
0 0.770672 0.186388 0.091406 0.130556
0 0.666021 0.453124 0.094531 0.136111
0 0.780286 0.573025 0.147656 0.123611
0 0.552992 0.658148 0.088281 0.116667
0 0.742954 0.429854 0.075000 0.159722
0 0.448853 0.499666 0.078906 0.134722
0 0.284320 0.469500 0.079687 0.122222
0 0.580413 0.535447 0.107813 0.129167
0 0.184766 0.470175 0.136719 0.123611
0 0.801965 0.475518 0.082031 0.098611
0 0.350407 0.466105 0.083594 0.123611
0 0.333594 0.588194 0.118750 0.129167
