0 0.584417 0.416659 0.084375 0.169444
0 0.678772 0.411119 0.079687 0.175000
0 0.903710 0.542452 0.100000 0.144444
0 0.523176 0.716674 0.074219 0.152778
0 0.976647 0.749264 0.045313 0.134722
0 0.594929 0.124290 0.086719 0.163889
0 0.133017 0.133429 0.061719 0.093056
0 0.043391 0.140466 0.076563 0.166667
0 0.883332 0.752924 0.089844 0.126389
0 0.140361 0.347085 0.124219 0.122222
0 0.190891 0.465155 0.096875 0.113889
0 0.034874 0.328836 0.062500 0.097222
0 0.096948 0.470465 0.087500 0.111111
0 0.273586 0.192189 0.063281 0.088889
0 0.177924 0.670691 0.119531 0.148611
0 0.151073 0.936201 0.135937 0.134722
0 0.367849 0.162002 0.095312 0.138889
0 0.381641 0.563889 0.108594 0.166667
0 0.921094 0.102778 0.095312 0.141667
