0 0.692224 0.425592 0.114063 0.115278
0 0.747682 0.207412 0.121875 0.154167
0 0.582613 0.456402 0.095312 0.140278
0 0.588329 0.634192 0.097656 0.143056
0 0.368111 0.560003 0.122656 0.127778
0 0.237461 0.499720 0.098438 0.136111
0 0.479733 0.472408 0.071875 0.155556
0 0.344902 0.425001 0.099219 0.111111
0 0.829716 0.491696 0.104687 0.133333
0 0.923115 0.413814 0.147656 0.122222
0 0.722685 0.547224 0.135937 0.102778
0 0.749278 0.653673 0.145313 0.120833
0 0.051990 0.388270 0.096094 0.081944
0 0.071094 0.583333 0.140625 0.108333
0 0.138281 0.454861 0.095312 0.137500
