0 0.756779 0.195109 0.093750 0.155556
0 0.080911 0.201129 0.075000 0.093056
0 0.372421 0.616382 0.097656 0.087500
0 0.371718 0.520549 0.087500 0.105556
0 0.475884 0.457525 0.078125 0.090278
0 0.614013 0.429832 0.082813 0.109722
0 0.755272 0.663441 0.091406 0.122222
0 0.800863 0.372213 0.117188 0.136111
0 0.808986 0.498355 0.114063 0.105556
0 0.932505 0.462634 0.132031 0.091667
0 0.464653 0.580280 0.081250 0.111111
0 0.808839 0.608140 0.103125 0.109722
0 0.558177 0.508314 0.074219 0.102778
0 0.176249 0.595744 0.169531 0.102778
0 0.685434 0.523855 0.085938 0.104167
0 0.676901 0.388322 0.078906 0.123611
