0 0.691190 0.336153 0.107031 0.133333
0 0.694938 0.470734 0.098438 0.115278
0 0.157402 0.358043 0.119531 0.108333
0 0.513507 0.446050 0.086719 0.137500
0 0.500704 0.614027 0.087500 0.154167
0 0.691190 0.336151 0.107031 0.133333
0 0.694937 0.470735 0.098438 0.115278
0 0.157398 0.358043 0.119531 0.108333
0 0.513509 0.446052 0.086719 0.137500
0 0.499303 0.614688 0.087500 0.154167
0 0.135729 0.435820 0.149219 0.086111
0 0.411037 0.398511 0.084375 0.136111
0 0.050385 0.318392 0.093750 0.108333
0 0.359061 0.559948 0.100000 0.119444
0 0.786909 0.292799 0.078906 0.113889
0 0.268759 0.402628 0.104687 0.136111
