0 0.292924 0.331780 0.112500 0.144444
0 0.565166 0.616556 0.096875 0.161111
0 0.759652 0.872409 0.092188 0.141667
0 0.307585 0.158263 0.091406 0.120833
0 0.292925 0.331781 0.112500 0.144444
0 0.565169 0.616556 0.096875 0.161111
0 0.759654 0.872411 0.092188 0.141667
0 0.307586 0.158262 0.091406 0.120833
0 0.292924 0.331781 0.112500 0.144444
0 0.565165 0.616556 0.096875 0.161111
0 0.759651 0.872410 0.092188 0.141667
0 0.307585 0.158264 0.091406 0.120833
0 0.292924 0.331781 0.112500 0.144444
0 0.565165 0.616552 0.096875 0.161111
0 0.759655 0.872411 0.092188 0.141667
0 0.307585 0.158262 0.091406 0.120833
0 0.875160 0.910965 0.115625 0.166667
0 0.481154 0.776303 0.087500 0.130556
0 0.627712 0.861751 0.082031 0.190278
0 0.297595 0.868371 0.070312 0.188889
0 0.481221 0.907157 0.060938 0.111111
0 0.378507 0.933179 0.085156 0.108333
0 0.163670 0.827765 0.122656 0.155556
0 0.367969 0.809028 0.071875 0.143056
