0 0.292994 0.331863 0.112500 0.144444
0 0.565250 0.616675 0.096875 0.161111
0 0.670742 0.890980 0.094531 0.176389
0 0.759445 0.872394 0.092188 0.141667
0 0.897848 0.910989 0.118750 0.163889
0 0.306312 0.146976 0.091406 0.120833
0 0.550069 0.794301 0.099219 0.161111
0 0.168357 0.870423 0.110156 0.148611
0 0.314504 0.879275 0.078906 0.188889
0 0.537490 0.916358 0.056250 0.108333
0 0.292995 0.331863 0.112500 0.144444
0 0.565251 0.616674 0.096875 0.161111
0 0.670742 0.890980 0.094531 0.176389
0 0.759446 0.872394 0.092188 0.141667
0 0.897849 0.910988 0.118750 0.163889
0 0.306313 0.146976 0.091406 0.120833
0 0.550067 0.794301 0.099219 0.161111
0 0.168358 0.870424 0.110156 0.148611
0 0.314503 0.879274 0.078906 0.188889
0 0.537491 0.916358 0.056250 0.108333
0 0.363672 0.808333 0.077344 0.127778
0 0.388281 0.927083 0.107813 0.104167
