0 0.695911 0.200740 0.075781 0.154167
0 0.413538 0.385010 0.067188 0.116667
0 0.564500 0.468029 0.075781 0.113889
0 0.660314 0.444554 0.065625 0.066667
0 0.652044 0.387141 0.088281 0.094444
0 0.749138 0.613467 0.101562 0.104167
0 0.814226 0.482573 0.085938 0.129167
0 0.720366 0.511073 0.096875 0.105556
0 0.475077 0.354174 0.084375 0.119444
0 0.462359 0.475055 0.076563 0.109722
0 0.905416 0.587539 0.123438 0.137500
0 0.639835 0.594484 0.100781 0.125000
0 0.176584 0.658392 0.144531 0.104167
0 0.250000 0.504861 0.140625 0.118056
0 0.118750 0.575000 0.107813 0.086111
0 0.372656 0.476389 0.093750 0.113889
0 0.778906 0.177083 0.078125 0.095833
