0 0.702100 0.180467 0.075781 0.154167
0 0.408518 0.467114 0.074219 0.134722
0 0.666187 0.474155 0.082031 0.134722
0 0.753644 0.377852 0.099219 0.083333
0 0.475747 0.488171 0.071875 0.115278
0 0.832395 0.600509 0.110156 0.104167
0 0.811341 0.506918 0.107031 0.102778
0 0.796386 0.170643 0.060938 0.108333
0 0.350037 0.625652 0.090625 0.156944
0 0.729712 0.443715 0.062500 0.070833
0 0.565656 0.340859 0.078125 0.134722
0 0.716813 0.577473 0.118750 0.106944
0 0.572827 0.485057 0.056250 0.093056
0 0.230082 0.437271 0.144531 0.125000
0 0.087891 0.526389 0.149219 0.116667
0 0.314844 0.518056 0.082813 0.091667
0 0.511719 0.410417 0.068750 0.101389
