0 0.686126 0.174993 0.076563 0.205556
0 0.781766 0.182166 0.076563 0.175000
0 0.573091 0.367989 0.082031 0.155556
0 0.496117 0.388645 0.065625 0.140278
0 0.789365 0.440141 0.103906 0.138889
0 0.931643 0.411593 0.132031 0.087500
0 0.124232 0.657302 0.149219 0.116667
0 0.116247 0.546361 0.140625 0.101389
0 0.166375 0.440386 0.135937 0.113889
0 0.564154 0.472591 0.085938 0.129167
0 0.682731 0.525465 0.130469 0.134722
0 0.678910 0.395159 0.109375 0.131944
0 0.364453 0.440972 0.089844 0.131944
0 0.276172 0.468056 0.094531 0.138889
