0 0.681471 0.202226 0.075781 0.154167
0 0.413470 0.385089 0.067188 0.116667
0 0.564529 0.468128 0.075781 0.113889
0 0.660291 0.444092 0.065625 0.066667
0 0.651983 0.387279 0.088281 0.094444
0 0.720428 0.511022 0.096875 0.105556
0 0.237897 0.511882 0.121094 0.120833
0 0.647738 0.601121 0.096875 0.116667
0 0.776107 0.193865 0.096094 0.095833
0 0.918404 0.578488 0.113281 0.129167
0 0.751196 0.603798 0.110156 0.118056
0 0.815240 0.527002 0.083594 0.120833
0 0.188412 0.654392 0.118750 0.119444
0 0.357343 0.497758 0.091406 0.112500
0 0.480469 0.357639 0.090625 0.129167
0 0.083984 0.601389 0.110156 0.105556
0 0.464844 0.481250 0.062500 0.109722
