0 0.584411 0.416768 0.084375 0.169444
0 0.671028 0.411298 0.079687 0.175000
0 0.906747 0.542888 0.100000 0.144444
0 0.523176 0.716634 0.074219 0.152778
0 0.151382 0.933609 0.142969 0.134722
0 0.976532 0.749208 0.045313 0.134722
0 0.266426 0.204823 0.069531 0.125000
0 0.597105 0.123724 0.086719 0.163889
0 0.163703 0.669359 0.118750 0.169444
0 0.133031 0.133706 0.061719 0.093056
0 0.043207 0.142607 0.076563 0.166667
0 0.918608 0.102024 0.084375 0.187500
0 0.047325 0.313857 0.059375 0.086111
0 0.883190 0.753271 0.089844 0.126389
0 0.097656 0.467361 0.090625 0.134722
0 0.190234 0.472222 0.096094 0.122222
0 0.183594 0.349306 0.193750 0.145833
0 0.337500 0.123611 0.084375 0.158333
0 0.429297 0.086806 0.096094 0.170833
