0 0.292948 0.332037 0.112500 0.144444
0 0.309153 0.136315 0.098438 0.112500
0 0.565163 0.616664 0.096875 0.161111
0 0.476552 0.813596 0.064062 0.123611
0 0.497979 0.941303 0.077344 0.106944
0 0.729365 0.911968 0.097656 0.154167
0 0.823847 0.865586 0.107031 0.150000
0 0.947763 0.928252 0.102344 0.134722
0 0.209367 0.861840 0.098438 0.129167
0 0.834569 0.960434 0.106250 0.070833
0 0.598570 0.807475 0.096875 0.162500
0 0.607067 0.939555 0.070312 0.109722
0 0.313155 0.920753 0.079687 0.138889
0 0.383203 0.854167 0.072656 0.155556
