0 0.292969 0.331944 0.112500 0.144444
0 0.309375 0.134028 0.098438 0.112500
0 0.564844 0.616667 0.096875 0.161111
0 0.246094 0.880556 0.098438 0.141667
0 0.407031 0.856944 0.070312 0.152778
0 0.350000 0.931250 0.075000 0.118056
0 0.476562 0.813194 0.064062 0.123611
0 0.498047 0.940972 0.077344 0.106944
0 0.597266 0.811806 0.102344 0.148611
0 0.614062 0.943750 0.089062 0.095833
0 0.729297 0.911806 0.097656 0.154167
0 0.823828 0.865278 0.107031 0.150000
0 0.854297 0.957639 0.111719 0.076389
0 0.947266 0.928472 0.102344 0.134722
