0 0.689891 0.172371 0.070312 0.163889
0 0.772816 0.191560 0.091406 0.130556
0 0.416010 0.631320 0.077344 0.148611
0 0.365382 0.474775 0.079687 0.133333
0 0.313289 0.545388 0.076563 0.125000
0 0.556682 0.450387 0.066406 0.144444
0 0.614724 0.424314 0.065625 0.126389
0 0.692228 0.472069 0.092188 0.105556
0 0.821845 0.540004 0.135156 0.156944
0 0.058200 0.596519 0.095312 0.136111
0 0.138405 0.567365 0.089062 0.145833
0 0.215608 0.497115 0.125000 0.113889
0 0.663270 0.554264 0.144531 0.112500
0 0.462891 0.513194 0.080469 0.120833
0 0.806250 0.388889 0.121875 0.141667
