0 0.750386 0.208191 0.089844 0.151389
0 0.374171 0.444219 0.082813 0.158333
0 0.443790 0.520057 0.090625 0.101389
0 0.501904 0.449855 0.074219 0.155556
0 0.458131 0.638120 0.105469 0.120833
0 0.589761 0.441626 0.090625 0.191667
0 0.683197 0.375468 0.102344 0.137500
0 0.852703 0.426274 0.108594 0.138889
0 0.761735 0.440928 0.067188 0.176389
0 0.145388 0.442007 0.121094 0.176389
0 0.272324 0.448780 0.119531 0.163889
0 0.039427 0.204457 0.071094 0.150000
0 0.289040 0.602668 0.125781 0.134722
0 0.121624 0.236667 0.078906 0.098611
