0 0.686147 0.174862 0.076563 0.205556
0 0.784716 0.172956 0.076563 0.175000
0 0.438560 0.407883 0.065625 0.141667
0 0.573082 0.368340 0.082031 0.155556
0 0.495973 0.388797 0.065625 0.140278
0 0.693694 0.366685 0.109375 0.136111
0 0.789376 0.440566 0.103906 0.138889
0 0.673395 0.506738 0.119531 0.129167
0 0.130457 0.518156 0.140625 0.105556
0 0.545858 0.508339 0.080469 0.115278
0 0.931582 0.411526 0.132031 0.087500
0 0.182422 0.452778 0.114844 0.111111
0 0.126953 0.647222 0.149219 0.116667
0 0.328516 0.453472 0.108594 0.145833
