0 0.695979 0.179818 0.075781 0.154167
0 0.798103 0.173708 0.040625 0.102778
0 0.348284 0.636056 0.078906 0.130556
0 0.408952 0.467024 0.074219 0.134722
0 0.505914 0.406354 0.064062 0.111111
0 0.666129 0.474328 0.082031 0.134722
0 0.825480 0.623106 0.092188 0.109722
0 0.181008 0.491099 0.099219 0.129167
0 0.265199 0.428107 0.113281 0.113889
0 0.753582 0.377852 0.099219 0.083333
0 0.560222 0.459193 0.069531 0.116667
0 0.325473 0.525549 0.078125 0.087500
0 0.564966 0.338232 0.078125 0.126389
0 0.735942 0.461130 0.067188 0.086111
0 0.807826 0.524412 0.112500 0.093056
0 0.475781 0.488194 0.071875 0.115278
