0 0.205847 0.429688 0.146094 0.106944
0 0.183089 0.523150 0.152344 0.093056
0 0.685974 0.174965 0.076563 0.205556
0 0.773227 0.173108 0.076563 0.175000
0 0.307971 0.570987 0.109375 0.120833
0 0.799518 0.536367 0.170312 0.140278
0 0.890290 0.440863 0.083594 0.112500
0 0.438281 0.408333 0.065625 0.141667
0 0.368359 0.472222 0.082031 0.133333
0 0.502344 0.385417 0.082813 0.176389
0 0.562891 0.542361 0.099219 0.118056
0 0.609375 0.413194 0.089062 0.123611
0 0.803516 0.390972 0.096094 0.129167
0 0.744531 0.287500 0.103125 0.100000
