0 0.752874 0.193517 0.082813 0.147222
0 0.595702 0.434707 0.075781 0.147222
0 0.047911 0.181105 0.091406 0.123611
0 0.239731 0.469505 0.078125 0.102778
0 0.680109 0.416361 0.075781 0.100000
0 0.681982 0.513314 0.103906 0.094444
0 0.921957 0.427809 0.143750 0.141667
0 0.262604 0.569668 0.105469 0.088889
0 0.343432 0.441689 0.097656 0.113889
0 0.437861 0.397958 0.096094 0.129167
0 0.868361 0.601270 0.157031 0.116667
0 0.794892 0.439527 0.108594 0.140278
0 0.407813 0.573611 0.107813 0.119444
0 0.155469 0.488889 0.104687 0.125000
0 0.114453 0.565278 0.128906 0.083333
