0 0.292986 0.331850 0.112500 0.144444
0 0.565225 0.617056 0.096875 0.161111
0 0.670815 0.890841 0.094531 0.176389
0 0.759483 0.872331 0.092188 0.141667
0 0.897831 0.911018 0.118750 0.163889
0 0.306268 0.146711 0.091406 0.120833
0 0.168374 0.870187 0.110156 0.148611
0 0.292987 0.331850 0.112500 0.144444
0 0.565225 0.617050 0.096875 0.161111
0 0.670815 0.890841 0.094531 0.176389
0 0.759485 0.872331 0.092188 0.141667
0 0.897831 0.911018 0.118750 0.163889
0 0.306269 0.146710 0.091406 0.120833
0 0.168375 0.870187 0.110156 0.148611
0 0.289412 0.866448 0.066406 0.161111
0 0.390989 0.926022 0.094531 0.111111
0 0.505956 0.778742 0.091406 0.166667
0 0.500824 0.911145 0.076563 0.116667
0 0.292986 0.331850 0.112500 0.144444
0 0.565225 0.617054 0.096875 0.161111
0 0.670815 0.890841 0.094531 0.176389
0 0.759484 0.872331 0.092188 0.141667
0 0.897831 0.911018 0.118750 0.163889
0 0.306268 0.146711 0.091406 0.120833
0 0.168375 0.870187 0.110156 0.148611
0 0.292986 0.331850 0.112500 0.144444
0 0.565225 0.617049 0.096875 0.161111
0 0.670815 0.890841 0.094531 0.176389
0 0.759486 0.872331 0.092188 0.141667
0 0.897831 0.911017 0.118750 0.163889
0 0.306268 0.146710 0.091406 0.120833
0 0.168374 0.870188 0.110156 0.148611
0 0.289412 0.866447 0.066406 0.161111
0 0.390989 0.926022 0.094531 0.111111
0 0.363672 0.812500 0.082031 0.130556
