0 0.691150 0.336811 0.107031 0.133333
0 0.694027 0.470760 0.098438 0.115278
0 0.517814 0.469132 0.086719 0.137500
0 0.691150 0.336810 0.107031 0.133333
0 0.694025 0.470762 0.098438 0.115278
0 0.517813 0.469128 0.086719 0.137500
0 0.499407 0.614683 0.087500 0.154167
0 0.411063 0.398425 0.084375 0.136111
0 0.786762 0.293497 0.078906 0.113889
0 0.270928 0.411948 0.104687 0.148611
0 0.148803 0.311647 0.117969 0.137500
0 0.141949 0.446169 0.155469 0.122222
0 0.364991 0.566378 0.106250 0.118056
0 0.507031 0.739583 0.121875 0.148611
