0 0.686120 0.174870 0.076563 0.205556
0 0.784144 0.182496 0.076563 0.175000
0 0.438526 0.407469 0.065625 0.141667
0 0.573066 0.367970 0.082031 0.155556
0 0.495980 0.389318 0.065625 0.140278
0 0.693732 0.366653 0.109375 0.136111
0 0.789454 0.440392 0.103906 0.138889
0 0.544845 0.507144 0.080469 0.115278
0 0.931631 0.411648 0.132031 0.087500
0 0.105564 0.662823 0.149219 0.116667
0 0.111719 0.546528 0.140625 0.101389
0 0.678125 0.530556 0.107813 0.161111
0 0.166406 0.440278 0.135937 0.113889
0 0.319141 0.465278 0.113281 0.133333
