0 0.688201 0.159104 0.089062 0.155556
0 0.760624 0.175054 0.039062 0.141667
0 0.814045 0.175080 0.064062 0.130556
0 0.095412 0.498047 0.110937 0.151389
0 0.449123 0.521164 0.077344 0.155556
0 0.170166 0.590655 0.100000 0.125000
0 0.373378 0.391245 0.074219 0.148611
0 0.631663 0.422853 0.083594 0.143056
0 0.528960 0.370862 0.071875 0.119444
0 0.577328 0.531056 0.082813 0.141667
0 0.821915 0.509216 0.125000 0.109722
0 0.453476 0.357592 0.066406 0.134722
0 0.211312 0.432098 0.103906 0.113889
0 0.808063 0.411846 0.111719 0.106944
0 0.728125 0.497222 0.087500 0.138889
0 0.299609 0.447222 0.075781 0.144444
