0 0.584424 0.416749 0.084375 0.169444
0 0.671094 0.411157 0.079687 0.175000
0 0.906935 0.542836 0.100000 0.144444
0 0.894960 0.744367 0.114063 0.190278
0 0.531797 0.702754 0.074219 0.152778
0 0.147777 0.936070 0.142969 0.134722
0 0.976603 0.749293 0.045313 0.134722
0 0.115982 0.320205 0.075000 0.106944
0 0.101633 0.465094 0.076563 0.119444
0 0.265520 0.196453 0.069531 0.125000
0 0.032761 0.314887 0.053125 0.094444
0 0.598411 0.145114 0.086719 0.163889
0 0.163387 0.668872 0.118750 0.169444
0 0.356655 0.134925 0.110937 0.179167
0 0.226394 0.358533 0.135156 0.126389
0 0.133270 0.133738 0.061719 0.093056
0 0.189672 0.468644 0.103906 0.131944
0 0.040997 0.142191 0.076563 0.166667
0 0.918750 0.103472 0.084375 0.187500
