0 0.610632 0.411054 0.103906 0.172222
0 0.723562 0.512443 0.104687 0.150000
0 0.826799 0.519213 0.096875 0.112500
0 0.781540 0.409630 0.117969 0.097222
0 0.898819 0.362246 0.128906 0.172222
0 0.830930 0.210436 0.042188 0.137500
0 0.767127 0.188962 0.060938 0.150000
0 0.691082 0.186540 0.088281 0.187500
0 0.058236 0.485399 0.116406 0.126389
0 0.504477 0.410049 0.085156 0.145833
0 0.367692 0.358069 0.056250 0.130556
0 0.555290 0.529072 0.100781 0.145833
0 0.141237 0.609549 0.177344 0.159722
0 0.357170 0.480923 0.093750 0.095833
0 0.376563 0.602778 0.120312 0.119444
0 0.262109 0.406944 0.096094 0.163889
0 0.168359 0.434028 0.099219 0.145833
