0 0.688419 0.175156 0.076563 0.156944
0 0.182728 0.577560 0.135937 0.100000
0 0.378147 0.363735 0.082813 0.130556
0 0.656618 0.395166 0.078906 0.076389
0 0.651742 0.448438 0.051562 0.040278
0 0.694746 0.532175 0.067969 0.079167
0 0.727572 0.621707 0.089062 0.112500
0 0.472280 0.379623 0.092969 0.123611
0 0.777251 0.505696 0.101562 0.088889
0 0.636472 0.624279 0.092188 0.138889
0 0.561001 0.422982 0.087500 0.120833
0 0.434404 0.489469 0.089062 0.104167
0 0.312430 0.478072 0.109375 0.097222
0 0.833660 0.586846 0.110156 0.109722
0 0.755068 0.175518 0.061719 0.106944
