0 0.756842 0.195199 0.093750 0.155556
0 0.080406 0.200636 0.075000 0.093056
0 0.372340 0.616345 0.097656 0.087500
0 0.371637 0.520569 0.087500 0.105556
0 0.475818 0.457521 0.078125 0.090278
0 0.613971 0.429858 0.082813 0.109722
0 0.755286 0.663370 0.091406 0.122222
0 0.800843 0.372154 0.117188 0.136111
0 0.809077 0.498789 0.114063 0.105556
0 0.932469 0.462683 0.132031 0.091667
0 0.467277 0.580645 0.081250 0.111111
0 0.809068 0.608521 0.103125 0.109722
0 0.558184 0.508303 0.074219 0.102778
0 0.176215 0.595827 0.169531 0.102778
0 0.683919 0.522009 0.085938 0.104167
0 0.676871 0.388355 0.078906 0.123611
