0 0.564651 0.468224 0.075781 0.113889
0 0.660374 0.444192 0.065625 0.066667
0 0.652071 0.387288 0.088281 0.094444
0 0.720397 0.510893 0.096875 0.105556
0 0.751514 0.603250 0.110156 0.118056
0 0.694764 0.162212 0.076563 0.156944
0 0.759690 0.180805 0.050781 0.091667
0 0.108686 0.634963 0.130469 0.100000
0 0.375616 0.371401 0.082031 0.118056
0 0.808198 0.527817 0.083594 0.105556
0 0.908475 0.583707 0.106250 0.120833
0 0.312477 0.470226 0.096875 0.104167
0 0.180700 0.553471 0.142969 0.098611
0 0.636654 0.614206 0.091406 0.122222
0 0.441717 0.486976 0.061719 0.101389
0 0.453906 0.339583 0.087500 0.140278
