0 0.690022 0.172220 0.070312 0.163889
0 0.770345 0.189858 0.091406 0.130556
0 0.666055 0.452836 0.094531 0.136111
0 0.781377 0.573527 0.147656 0.123611
0 0.553041 0.658154 0.088281 0.116667
0 0.742913 0.429803 0.075000 0.159722
0 0.448827 0.499496 0.078906 0.134722
0 0.580317 0.535454 0.107813 0.129167
0 0.801978 0.475416 0.082031 0.098611
0 0.421315 0.604711 0.096094 0.113889
0 0.322793 0.488210 0.129688 0.106944
0 0.263281 0.580556 0.120312 0.119444
0 0.070312 0.621528 0.135937 0.120833
0 0.192188 0.456250 0.123438 0.134722
