0 0.292885 0.331607 0.112500 0.144444
0 0.565556 0.617001 0.096875 0.161111
0 0.306967 0.153028 0.091406 0.120833
0 0.292886 0.331606 0.112500 0.144444
0 0.565564 0.617004 0.096875 0.161111
0 0.306995 0.153003 0.091406 0.120833
0 0.292885 0.331606 0.112500 0.144444
0 0.565556 0.617001 0.096875 0.161111
0 0.306973 0.153024 0.091406 0.120833
0 0.292885 0.331606 0.112500 0.144444
0 0.565560 0.616991 0.096875 0.161111
0 0.306976 0.153019 0.091406 0.120833
0 0.222275 0.884026 0.053906 0.176389
0 0.421875 0.802077 0.073437 0.156944
0 0.680468 0.847920 0.104687 0.143056
0 0.294422 0.826562 0.078125 0.136111
0 0.915870 0.858929 0.124219 0.159722
0 0.799524 0.877892 0.105469 0.194444
0 0.684661 0.951523 0.089844 0.094444
0 0.071035 0.854232 0.132812 0.136111
0 0.458984 0.931944 0.055469 0.130556
0 0.565625 0.798611 0.062500 0.163889
