0 0.701276 0.175675 0.075781 0.154167
0 0.777483 0.188889 0.079687 0.105556
0 0.413607 0.385086 0.067188 0.116667
0 0.370244 0.474972 0.085938 0.111111
0 0.564525 0.468125 0.075781 0.113889
0 0.484403 0.354764 0.081250 0.118056
0 0.167456 0.648897 0.138281 0.119444
0 0.744552 0.507698 0.104687 0.115278
0 0.660115 0.444358 0.065625 0.066667
0 0.472483 0.479329 0.067188 0.093056
0 0.192963 0.475083 0.151562 0.100000
0 0.063168 0.504997 0.116406 0.090278
0 0.652020 0.387334 0.088281 0.094444
0 0.666355 0.606570 0.092969 0.125000
0 0.749473 0.586953 0.101562 0.104167
0 0.134285 0.568177 0.117188 0.070833
0 0.818003 0.535360 0.084375 0.101389
0 0.903088 0.584249 0.108594 0.112500
