0 0.754347 0.201718 0.094531 0.166667
0 0.725698 0.500718 0.123438 0.168056
0 0.841749 0.443179 0.146094 0.119444
0 0.833373 0.598261 0.127344 0.122222
0 0.147259 0.476286 0.130469 0.105556
0 0.157188 0.596615 0.154687 0.097222
0 0.602590 0.507587 0.083594 0.097222
0 0.346072 0.453489 0.081250 0.140278
0 0.275202 0.593629 0.113281 0.118056
0 0.252708 0.419265 0.108594 0.116667
0 0.954265 0.395271 0.082031 0.104167
0 0.948000 0.661819 0.107031 0.136111
0 0.432085 0.452804 0.093750 0.163889
0 0.558203 0.411111 0.078906 0.111111
