0 0.687703 0.159602 0.089062 0.155556
0 0.760596 0.175147 0.039062 0.141667
0 0.814049 0.175102 0.064062 0.130556
0 0.095284 0.497893 0.110937 0.151389
0 0.448858 0.521521 0.077344 0.155556
0 0.738294 0.497762 0.100000 0.140278
0 0.173000 0.614396 0.100000 0.125000
0 0.378493 0.369872 0.074219 0.148611
0 0.631658 0.422811 0.083594 0.143056
0 0.528734 0.371126 0.071875 0.119444
0 0.577415 0.530411 0.082813 0.141667
0 0.836459 0.529339 0.125000 0.109722
0 0.453528 0.357505 0.066406 0.134722
0 0.058203 0.573611 0.116406 0.102778
0 0.211328 0.431944 0.103906 0.113889
0 0.308203 0.450000 0.074219 0.158333
0 0.808203 0.411806 0.111719 0.106944
