0 0.582879 0.421546 0.070312 0.151389
0 0.662227 0.420411 0.072656 0.143056
0 0.611580 0.166401 0.084375 0.177778
0 0.907347 0.537157 0.109375 0.170833
0 0.899069 0.746161 0.105469 0.144444
0 0.974638 0.734871 0.049219 0.144444
0 0.521739 0.694594 0.078125 0.144444
0 0.185935 0.444412 0.078125 0.138889
0 0.096423 0.456228 0.091406 0.145833
0 0.185550 0.107918 0.104687 0.088889
0 0.115557 0.318108 0.080469 0.098611
0 0.254049 0.365262 0.144531 0.116667
0 0.172850 0.664572 0.117188 0.177778
0 0.270630 0.156557 0.075781 0.118056
0 0.144922 0.911806 0.136719 0.173611
0 0.058594 0.138889 0.117188 0.161111
0 0.922266 0.104861 0.092969 0.201389
