0 0.104177 0.598154 0.159375 0.105556
0 0.237448 0.618844 0.102344 0.091667
0 0.493774 0.447055 0.064062 0.138889
0 0.752149 0.594159 0.114063 0.108333
0 0.704684 0.333371 0.101562 0.122222
0 0.560852 0.393713 0.076563 0.101389
0 0.233428 0.528978 0.104687 0.108333
0 0.832431 0.425770 0.138281 0.137500
0 0.086802 0.201274 0.077344 0.109722
0 0.683970 0.464773 0.100781 0.120833
0 0.758182 0.185207 0.096875 0.152778
0 0.644144 0.648522 0.087500 0.158333
0 0.571940 0.502809 0.082813 0.112500
0 0.449011 0.510758 0.050000 0.122222
0 0.352734 0.407639 0.082031 0.143056
0 0.351953 0.574306 0.086719 0.165278
