0 0.689883 0.172451 0.070312 0.163889
0 0.773123 0.189918 0.091406 0.130556
0 0.556809 0.450321 0.066406 0.144444
0 0.614823 0.424238 0.065625 0.126389
0 0.648250 0.552258 0.144531 0.112500
0 0.462979 0.513103 0.080469 0.120833
0 0.170681 0.445854 0.182031 0.116667
0 0.324151 0.439966 0.115625 0.119444
0 0.687862 0.465138 0.083594 0.105556
0 0.791723 0.397312 0.133594 0.105556
0 0.167828 0.570447 0.148438 0.122222
0 0.059918 0.613147 0.097656 0.144444
0 0.313391 0.523259 0.103906 0.113889
0 0.405056 0.636167 0.119531 0.155556
0 0.823438 0.561111 0.153125 0.144444
