0 0.584422 0.416793 0.084375 0.169444
0 0.671335 0.411189 0.079687 0.175000
0 0.907272 0.542875 0.100000 0.144444
0 0.523143 0.716627 0.074219 0.152778
0 0.148642 0.935250 0.142969 0.134722
0 0.976575 0.749250 0.045313 0.134722
0 0.115820 0.320581 0.075000 0.106944
0 0.101598 0.464964 0.076563 0.119444
0 0.268004 0.202408 0.069531 0.125000
0 0.599339 0.131370 0.086719 0.163889
0 0.163539 0.668657 0.118750 0.169444
0 0.345623 0.131621 0.110937 0.179167
0 0.226344 0.358558 0.135156 0.126389
0 0.133469 0.133704 0.061719 0.093056
0 0.191189 0.461188 0.103906 0.131944
0 0.042837 0.143218 0.076563 0.166667
0 0.918802 0.102422 0.084375 0.187500
0 0.048437 0.313889 0.059375 0.086111
0 0.883203 0.753472 0.089844 0.126389
