0 0.584365 0.416782 0.084375 0.169444
0 0.671681 0.411466 0.079687 0.175000
0 0.907295 0.542929 0.100000 0.144444
0 0.523159 0.716642 0.074219 0.152778
0 0.976569 0.749208 0.045313 0.134722
0 0.594188 0.122426 0.086719 0.163889
0 0.132951 0.133441 0.061719 0.093056
0 0.043037 0.140637 0.076563 0.166667
0 0.935857 0.116108 0.084375 0.187500
0 0.882673 0.748882 0.089844 0.126389
0 0.140407 0.347031 0.124219 0.122222
0 0.195331 0.464475 0.096875 0.113889
0 0.033020 0.329121 0.062500 0.097222
0 0.096422 0.467445 0.087500 0.111111
0 0.352291 0.145213 0.094531 0.145833
0 0.268600 0.201102 0.063281 0.088889
0 0.417188 0.377083 0.089062 0.198611
0 0.178516 0.672917 0.119531 0.148611
0 0.158594 0.931250 0.135937 0.134722
