0 0.568268 0.450763 0.075781 0.113889
0 0.688346 0.175214 0.076563 0.156944
0 0.769329 0.175432 0.050781 0.091667
0 0.633686 0.600773 0.091406 0.122222
0 0.183044 0.577633 0.135937 0.100000
0 0.378148 0.364026 0.082813 0.130556
0 0.882090 0.598687 0.096875 0.125000
0 0.446618 0.467442 0.085156 0.097222
0 0.656664 0.395137 0.078906 0.076389
0 0.651637 0.448579 0.051562 0.040278
0 0.693467 0.535691 0.067969 0.079167
0 0.727365 0.621543 0.089062 0.112500
0 0.307100 0.494522 0.112500 0.130556
0 0.472263 0.379808 0.092969 0.123611
0 0.777344 0.505556 0.101562 0.088889
