0 0.719738 0.537325 0.135937 0.102778
0 0.581682 0.638708 0.113281 0.180556
0 0.756229 0.664631 0.130469 0.126389
0 0.926234 0.424232 0.089844 0.140278
0 0.750582 0.207499 0.089844 0.151389
0 0.821928 0.430528 0.103125 0.141667
0 0.661768 0.423205 0.096875 0.138889
0 0.581040 0.469406 0.083594 0.130556
0 0.472266 0.444444 0.071094 0.194444
0 0.332031 0.602083 0.123438 0.126389
0 0.343750 0.463194 0.107813 0.129167
0 0.254297 0.321528 0.174219 0.123611
0 0.121484 0.451389 0.114844 0.113889
0 0.232031 0.498611 0.100000 0.127778
