0 0.292912 0.331713 0.112500 0.144444
0 0.565355 0.616752 0.096875 0.161111
0 0.295144 0.127675 0.091406 0.120833
0 0.292912 0.331713 0.112500 0.144444
0 0.565363 0.616750 0.096875 0.161111
0 0.295155 0.127667 0.091406 0.120833
0 0.292911 0.331713 0.112500 0.144444
0 0.565355 0.616752 0.096875 0.161111
0 0.295148 0.127674 0.091406 0.120833
0 0.292911 0.331713 0.112500 0.144444
0 0.565359 0.616742 0.096875 0.161111
0 0.295148 0.127672 0.091406 0.120833
0 0.222216 0.884051 0.053906 0.176389
0 0.421830 0.802113 0.073437 0.156944
0 0.109368 0.863858 0.131250 0.144444
0 0.307349 0.943723 0.102344 0.094444
0 0.472657 0.905662 0.046875 0.161111
0 0.680360 0.847891 0.104687 0.143056
0 0.676905 0.940960 0.110156 0.115278
0 0.559081 0.795685 0.075000 0.161111
0 0.810050 0.900076 0.118750 0.191667
0 0.294531 0.826389 0.078125 0.136111
