0 0.292843 0.331603 0.112500 0.144444
0 0.565387 0.617219 0.096875 0.161111
0 0.306940 0.154694 0.091406 0.120833
0 0.292844 0.331603 0.112500 0.144444
0 0.565395 0.617222 0.096875 0.161111
0 0.306965 0.154673 0.091406 0.120833
0 0.292843 0.331602 0.112500 0.144444
0 0.565387 0.617219 0.096875 0.161111
0 0.306946 0.154691 0.091406 0.120833
0 0.292843 0.331602 0.112500 0.144444
0 0.565389 0.617205 0.096875 0.161111
0 0.306949 0.154686 0.091406 0.120833
0 0.680441 0.848022 0.104687 0.143056
0 0.916017 0.859866 0.124219 0.159722
0 0.799546 0.877842 0.105469 0.194444
0 0.684599 0.951557 0.089844 0.094444
0 0.567782 0.792239 0.062500 0.163889
0 0.230759 0.840502 0.097656 0.141667
0 0.221875 0.954861 0.115625 0.076389
0 0.403906 0.803472 0.089062 0.137500
0 0.400781 0.938889 0.100000 0.113889
0 0.140234 0.863194 0.080469 0.159722
