0 0.755557 0.186712 0.093750 0.155556
0 0.080581 0.202024 0.075000 0.093056
0 0.619660 0.404949 0.079687 0.111111
0 0.501525 0.516517 0.070312 0.119444
0 0.689310 0.668712 0.089844 0.122222
0 0.741316 0.364100 0.135937 0.122222
0 0.866185 0.466007 0.111719 0.123611
0 0.238870 0.646432 0.101562 0.108333
0 0.538527 0.442697 0.095312 0.127778
0 0.744182 0.459881 0.105469 0.111111
0 0.633120 0.519190 0.090625 0.101389
0 0.101093 0.613753 0.146875 0.106944
0 0.259022 0.530455 0.116406 0.105556
0 0.370664 0.437583 0.097656 0.105556
0 0.393359 0.556944 0.077344 0.102778
0 0.753906 0.592361 0.101562 0.115278
