0 0.150767 0.452073 0.139062 0.145833
0 0.692161 0.425589 0.114063 0.115278
0 0.748140 0.206573 0.121875 0.154167
0 0.052352 0.416199 0.104687 0.115278
0 0.843766 0.448536 0.126563 0.136111
0 0.951989 0.428323 0.089844 0.131944
0 0.362494 0.431771 0.082813 0.108333
0 0.582675 0.456235 0.095312 0.140278
0 0.582505 0.609220 0.097656 0.143056
0 0.751562 0.654167 0.137500 0.113889
0 0.710938 0.540278 0.145313 0.113889
0 0.362109 0.533333 0.122656 0.127778
0 0.237500 0.500000 0.098438 0.136111
0 0.479688 0.472222 0.071875 0.155556
0 0.091016 0.581250 0.171094 0.098611
