0 0.759132 0.197803 0.082813 0.147222
0 0.680207 0.416267 0.075781 0.100000
0 0.921908 0.427696 0.143750 0.141667
0 0.868260 0.601359 0.157031 0.116667
0 0.794930 0.439566 0.108594 0.140278
0 0.436687 0.436876 0.093750 0.143056
0 0.262084 0.553379 0.138281 0.104167
0 0.090622 0.584429 0.140625 0.122222
0 0.139785 0.485428 0.107813 0.109722
0 0.237890 0.456138 0.103906 0.101389
0 0.525386 0.433323 0.064844 0.188889
0 0.681304 0.490226 0.157813 0.105556
0 0.401977 0.580818 0.114063 0.130556
0 0.345703 0.415278 0.097656 0.144444
