0 0.755453 0.185592 0.093750 0.155556
0 0.080568 0.202107 0.075000 0.093056
0 0.619397 0.406306 0.079687 0.111111
0 0.643178 0.516638 0.092188 0.125000
0 0.501675 0.516403 0.070312 0.119444
0 0.698080 0.674594 0.089844 0.122222
0 0.741398 0.363925 0.135937 0.122222
0 0.132180 0.610670 0.152344 0.113889
0 0.543890 0.453561 0.079687 0.108333
0 0.741951 0.585892 0.103906 0.122222
0 0.751364 0.448993 0.117188 0.106944
0 0.266820 0.514024 0.115625 0.137500
0 0.866029 0.465973 0.111719 0.123611
0 0.237710 0.645210 0.101562 0.108333
0 0.396612 0.451883 0.100781 0.109722
0 0.552734 0.215278 0.097656 0.186111
0 0.395312 0.571528 0.100000 0.109722
