0 0.584773 0.407617 0.078125 0.156944
0 0.594094 0.132997 0.085938 0.177778
0 0.158037 0.656495 0.114063 0.173611
0 0.526022 0.715486 0.085938 0.163889
0 0.916092 0.091769 0.090625 0.154167
0 0.971032 0.751706 0.064062 0.155556
0 0.908394 0.553479 0.110937 0.125000
0 0.085962 0.452406 0.075781 0.129167
0 0.121066 0.321636 0.043750 0.100000
0 0.896198 0.738183 0.082813 0.126389
0 0.253777 0.367047 0.120312 0.112500
0 0.172334 0.319108 0.046094 0.097222
0 0.192446 0.457362 0.088281 0.113889
0 0.653326 0.421260 0.057031 0.112500
0 0.177874 0.097051 0.091406 0.168056
0 0.265615 0.162961 0.078906 0.119444
0 0.060156 0.107639 0.120312 0.134722
