0 0.760297 0.203465 0.082813 0.147222
0 0.680257 0.416160 0.075781 0.100000
0 0.921938 0.427770 0.143750 0.141667
0 0.888874 0.625972 0.157031 0.116667
0 0.794847 0.439429 0.108594 0.140278
0 0.436663 0.436796 0.093750 0.143056
0 0.261738 0.553195 0.138281 0.104167
0 0.101316 0.603869 0.140625 0.122222
0 0.139816 0.485406 0.107813 0.109722
0 0.237977 0.456220 0.103906 0.101389
0 0.525355 0.433394 0.064844 0.188889
0 0.667576 0.505504 0.157813 0.105556
0 0.345688 0.415175 0.097656 0.144444
0 0.410076 0.566824 0.117188 0.127778
