0 0.564587 0.468236 0.075781 0.113889
0 0.660317 0.444193 0.065625 0.066667
0 0.652031 0.387313 0.088281 0.094444
0 0.720457 0.510836 0.096875 0.105556
0 0.751562 0.603077 0.110156 0.118056
0 0.695103 0.162505 0.076563 0.156944
0 0.760238 0.178576 0.050781 0.091667
0 0.108938 0.635040 0.130469 0.100000
0 0.375631 0.371434 0.082031 0.118056
0 0.808105 0.527869 0.083594 0.105556
0 0.909590 0.584700 0.106250 0.120833
0 0.312659 0.470175 0.096875 0.104167
0 0.180429 0.553450 0.142969 0.098611
0 0.637121 0.614584 0.091406 0.122222
0 0.443359 0.499306 0.061719 0.101389
0 0.460547 0.345833 0.086719 0.138889
