0 0.568239 0.450868 0.075781 0.113889
0 0.688297 0.175222 0.076563 0.156944
0 0.765281 0.178155 0.050781 0.091667
0 0.312471 0.470130 0.096875 0.104167
0 0.635432 0.602862 0.091406 0.122222
0 0.454008 0.339313 0.087500 0.140278
0 0.182945 0.577704 0.135937 0.100000
0 0.378035 0.363955 0.082813 0.130556
0 0.875975 0.599485 0.096875 0.125000
0 0.447927 0.463960 0.085156 0.097222
0 0.726464 0.620712 0.089062 0.091667
0 0.656641 0.395139 0.078906 0.076389
0 0.654688 0.457639 0.051562 0.040278
0 0.790625 0.318056 0.110937 0.125000
0 0.691016 0.529861 0.067969 0.079167
0 0.798047 0.532639 0.103906 0.106944
