0 0.682343 0.180386 0.076563 0.205556
0 0.785327 0.176996 0.076563 0.175000
0 0.931652 0.411872 0.132031 0.087500
0 0.133134 0.657278 0.149219 0.116667
0 0.166337 0.440405 0.135937 0.113889
0 0.276167 0.468183 0.094531 0.138889
0 0.139630 0.554822 0.146094 0.104167
0 0.695292 0.369424 0.095312 0.133333
0 0.342270 0.457941 0.054688 0.137500
0 0.396895 0.378239 0.078906 0.138889
0 0.448136 0.376969 0.086719 0.145833
0 0.442823 0.468850 0.085938 0.123611
0 0.623834 0.533782 0.121094 0.156944
0 0.740491 0.415743 0.072656 0.150000
0 0.850120 0.519411 0.110937 0.144444
