0 0.205835 0.429643 0.146094 0.106944
0 0.184668 0.521490 0.152344 0.093056
0 0.685978 0.174971 0.076563 0.205556
0 0.773093 0.173394 0.076563 0.175000
0 0.307902 0.570619 0.109375 0.120833
0 0.794092 0.531525 0.170312 0.140278
0 0.890281 0.440664 0.083594 0.112500
0 0.438624 0.408255 0.065625 0.141667
0 0.502202 0.385553 0.082813 0.176389
0 0.558291 0.545983 0.099219 0.118056
0 0.609303 0.412744 0.089062 0.123611
0 0.786328 0.379167 0.133594 0.147222
0 0.666797 0.294444 0.102344 0.147222
0 0.363281 0.470833 0.093750 0.152778
