0 0.689853 0.172235 0.070312 0.163889
0 0.413031 0.481032 0.061719 0.137500
0 0.768716 0.499101 0.121875 0.165278
0 0.642538 0.496488 0.089844 0.123611
0 0.637612 0.609048 0.082813 0.109722
0 0.541467 0.508990 0.082813 0.145833
0 0.471515 0.502845 0.052344 0.113889
0 0.508884 0.633263 0.085938 0.105556
0 0.199619 0.423576 0.150781 0.075000
0 0.870392 0.540397 0.105469 0.125000
0 0.193044 0.525511 0.106250 0.105556
0 0.068973 0.606409 0.135937 0.141667
0 0.300583 0.635262 0.123438 0.147222
0 0.718648 0.650300 0.097656 0.122222
0 0.774838 0.170105 0.092188 0.134722
0 0.331250 0.474306 0.098438 0.129167
