0 0.690009 0.172283 0.070312 0.163889
0 0.771933 0.186678 0.091406 0.130556
0 0.556746 0.450294 0.066406 0.144444
0 0.614762 0.424312 0.065625 0.126389
0 0.462933 0.513151 0.080469 0.120833
0 0.170641 0.445851 0.182031 0.116667
0 0.841948 0.567018 0.153125 0.144444
0 0.287775 0.537319 0.108594 0.140278
0 0.292151 0.402847 0.101562 0.130556
0 0.144290 0.578393 0.162500 0.123611
0 0.680381 0.449265 0.071875 0.154167
0 0.794490 0.383163 0.148438 0.136111
0 0.669636 0.551541 0.117969 0.129167
0 0.416333 0.589569 0.081250 0.120833
