0 0.689931 0.172252 0.070312 0.163889
0 0.449893 0.609056 0.092188 0.106944
0 0.771007 0.186594 0.091406 0.130556
0 0.666018 0.452977 0.094531 0.136111
0 0.780578 0.572997 0.147656 0.123611
0 0.553031 0.658148 0.088281 0.116667
0 0.742851 0.429767 0.075000 0.159722
0 0.448914 0.499749 0.078906 0.134722
0 0.284309 0.469411 0.079687 0.122222
0 0.580506 0.535564 0.107813 0.129167
0 0.184787 0.470116 0.136719 0.123611
0 0.801974 0.475636 0.082031 0.098611
0 0.350391 0.465972 0.083594 0.123611
0 0.330469 0.613194 0.110937 0.143056
