0 0.700076 0.164307 0.075781 0.154167
0 0.753688 0.377967 0.099219 0.083333
0 0.832456 0.600204 0.110156 0.104167
0 0.811409 0.506962 0.107031 0.102778
0 0.796795 0.175083 0.060938 0.108333
0 0.729705 0.443729 0.062500 0.070833
0 0.721024 0.577090 0.111719 0.108333
0 0.235406 0.543179 0.121094 0.087500
0 0.564809 0.355664 0.085938 0.147222
0 0.113193 0.506315 0.132812 0.140278
0 0.660497 0.440260 0.083594 0.161111
0 0.239464 0.661017 0.116406 0.144444
0 0.424609 0.501389 0.080469 0.119444
0 0.324609 0.516667 0.092969 0.130556
0 0.466016 0.381250 0.067969 0.123611
0 0.535156 0.488194 0.068750 0.104167
