0 0.292927 0.331797 0.112500 0.144444
0 0.565190 0.616975 0.096875 0.161111
0 0.759410 0.872290 0.092188 0.141667
0 0.310632 0.136731 0.091406 0.120833
0 0.168349 0.870288 0.110156 0.148611
0 0.292928 0.331797 0.112500 0.144444
0 0.565191 0.616969 0.096875 0.161111
0 0.759413 0.872292 0.092188 0.141667
0 0.310633 0.136730 0.091406 0.120833
0 0.168349 0.870288 0.110156 0.148611
0 0.289294 0.866629 0.066406 0.161111
0 0.292927 0.331797 0.112500 0.144444
0 0.565191 0.616970 0.096875 0.161111
0 0.759410 0.872290 0.092188 0.141667
0 0.310632 0.136731 0.091406 0.120833
0 0.168348 0.870288 0.110156 0.148611
0 0.292927 0.331797 0.112500 0.144444
0 0.565192 0.616969 0.096875 0.161111
0 0.759413 0.872292 0.092188 0.141667
0 0.310632 0.136730 0.091406 0.120833
0 0.168345 0.870289 0.110156 0.148611
0 0.289294 0.866629 0.066406 0.161111
0 0.875076 0.911256 0.115625 0.166667
0 0.481170 0.776284 0.087500 0.130556
0 0.486255 0.919915 0.063281 0.109722
0 0.383211 0.932811 0.075781 0.120833
0 0.627776 0.861695 0.082031 0.190278
0 0.367188 0.799306 0.070312 0.145833
