0 0.584783 0.407605 0.078125 0.156944
0 0.659441 0.407877 0.061719 0.168056
0 0.900034 0.553864 0.104687 0.144444
0 0.598552 0.119963 0.085938 0.177778
0 0.163772 0.648911 0.114063 0.173611
0 0.107807 0.441308 0.089844 0.123611
0 0.525883 0.715414 0.085938 0.163889
0 0.931635 0.115849 0.090625 0.154167
0 0.221481 0.175463 0.117969 0.169444
0 0.198351 0.453198 0.092969 0.129167
0 0.195041 0.333681 0.067969 0.131944
0 0.113606 0.334834 0.058594 0.100000
0 0.090866 0.905255 0.146094 0.179167
0 0.139435 0.141777 0.046875 0.100000
0 0.964935 0.757199 0.064062 0.155556
0 0.060156 0.102083 0.101562 0.120833
