0 0.689813 0.172175 0.070312 0.163889
0 0.766266 0.190035 0.092188 0.134722
0 0.237642 0.465362 0.119531 0.148611
0 0.137886 0.454793 0.080469 0.123611
0 0.562784 0.502745 0.067969 0.127778
0 0.559478 0.622978 0.085938 0.130556
0 0.629179 0.685740 0.080469 0.147222
0 0.891562 0.562008 0.136719 0.156944
0 0.650804 0.521467 0.132812 0.120833
0 0.750127 0.477696 0.092188 0.161111
0 0.282964 0.475755 0.107813 0.119444
0 0.219760 0.554744 0.178125 0.106944
0 0.454822 0.642322 0.088281 0.138889
0 0.467187 0.493056 0.081250 0.138889
0 0.390234 0.509722 0.067969 0.113889
0 0.399609 0.277778 0.107031 0.169444
