0 0.757083 0.195349 0.093750 0.155556
0 0.080704 0.201043 0.075000 0.093056
0 0.372492 0.615122 0.097656 0.087500
0 0.371643 0.520467 0.087500 0.105556
0 0.475881 0.457549 0.078125 0.090278
0 0.613964 0.429823 0.082813 0.109722
0 0.755391 0.663131 0.091406 0.122222
0 0.800928 0.372139 0.117188 0.136111
0 0.807545 0.497939 0.114063 0.105556
0 0.932481 0.462652 0.132031 0.091667
0 0.465445 0.582336 0.081250 0.111111
0 0.820284 0.606239 0.103125 0.109722
0 0.558264 0.508285 0.074219 0.102778
0 0.176203 0.595821 0.169531 0.102778
0 0.688106 0.521803 0.085938 0.104167
0 0.676938 0.388139 0.078906 0.123611
