0 0.691126 0.336383 0.107031 0.133333
0 0.695988 0.470307 0.098438 0.115278
0 0.157380 0.357946 0.119531 0.108333
0 0.513629 0.446072 0.086719 0.137500
0 0.501071 0.613650 0.087500 0.154167
0 0.691126 0.336382 0.107031 0.133333
0 0.695986 0.470308 0.098438 0.115278
0 0.157377 0.357944 0.119531 0.108333
0 0.513630 0.446072 0.086719 0.137500
0 0.499484 0.614492 0.087500 0.154167
0 0.145195 0.439642 0.149219 0.086111
0 0.410995 0.398534 0.084375 0.136111
0 0.050533 0.318446 0.093750 0.108333
0 0.276130 0.430532 0.108594 0.130556
0 0.367359 0.559717 0.100000 0.119444
0 0.787109 0.293056 0.078906 0.113889
