0 0.750460 0.208019 0.089844 0.151389
0 0.374304 0.444309 0.082813 0.158333
0 0.443804 0.520064 0.090625 0.101389
0 0.501934 0.450129 0.074219 0.155556
0 0.458109 0.638004 0.105469 0.120833
0 0.589748 0.441720 0.090625 0.191667
0 0.683219 0.375630 0.102344 0.137500
0 0.852892 0.426316 0.108594 0.138889
0 0.761708 0.440914 0.067188 0.176389
0 0.039477 0.204446 0.071094 0.150000
0 0.288538 0.601958 0.125781 0.134722
0 0.115417 0.236272 0.078906 0.098611
0 0.135700 0.403378 0.136719 0.165278
0 0.257750 0.428015 0.129688 0.150000
0 0.884489 0.579247 0.127344 0.106944
