0 0.760283 0.202878 0.082813 0.147222
0 0.680208 0.416272 0.075781 0.100000
0 0.921983 0.427745 0.143750 0.141667
0 0.888768 0.625772 0.157031 0.116667
0 0.794838 0.439580 0.108594 0.140278
0 0.436636 0.436868 0.093750 0.143056
0 0.262005 0.553353 0.138281 0.104167
0 0.096613 0.587142 0.140625 0.122222
0 0.139833 0.485385 0.107813 0.109722
0 0.237919 0.456435 0.103906 0.101389
0 0.525372 0.433463 0.064844 0.188889
0 0.672582 0.506287 0.157813 0.105556
0 0.345674 0.415383 0.097656 0.144444
0 0.411570 0.568014 0.117188 0.127778
