0 0.696968 0.165914 0.075781 0.154167
0 0.753740 0.377930 0.099219 0.083333
0 0.783950 0.181177 0.079687 0.105556
0 0.608255 0.447116 0.077344 0.141667
0 0.413400 0.384846 0.067188 0.116667
0 0.231452 0.655544 0.122656 0.102778
0 0.804737 0.517460 0.104687 0.109722
0 0.700257 0.585861 0.097656 0.125000
0 0.370446 0.474868 0.085938 0.111111
0 0.496875 0.354861 0.084375 0.134722
0 0.275000 0.513889 0.107813 0.105556
0 0.479297 0.480556 0.058594 0.086111
0 0.710156 0.450000 0.095312 0.075000
0 0.789062 0.613194 0.106250 0.123611
0 0.169141 0.575694 0.135156 0.073611
