0 0.178086 0.447258 0.093750 0.133333
0 0.610608 0.411111 0.103906 0.172222
0 0.576999 0.543944 0.078906 0.147222
0 0.723477 0.512538 0.104687 0.150000
0 0.827487 0.519860 0.096875 0.112500
0 0.781629 0.409732 0.117969 0.097222
0 0.898848 0.361947 0.128906 0.172222
0 0.808951 0.195532 0.042188 0.137500
0 0.760915 0.193017 0.060938 0.150000
0 0.691864 0.186508 0.088281 0.187500
0 0.297582 0.360964 0.100000 0.133333
0 0.274488 0.474288 0.088281 0.129167
0 0.372183 0.480155 0.096094 0.133333
0 0.385621 0.386121 0.082031 0.116667
0 0.058246 0.485364 0.116406 0.126389
0 0.504297 0.410417 0.085156 0.145833
0 0.064453 0.604167 0.128906 0.141667
