0 0.689993 0.172334 0.070312 0.163889
0 0.772026 0.187626 0.091406 0.130556
0 0.556755 0.450260 0.066406 0.144444
0 0.614763 0.424211 0.065625 0.126389
0 0.462934 0.513170 0.080469 0.120833
0 0.170640 0.445784 0.182031 0.116667
0 0.842582 0.567444 0.153125 0.144444
0 0.288626 0.536860 0.108594 0.140278
0 0.292252 0.402572 0.101562 0.130556
0 0.134869 0.581544 0.162500 0.123611
0 0.680503 0.449294 0.071875 0.154167
0 0.794378 0.383182 0.148438 0.136111
0 0.667837 0.550416 0.117969 0.129167
0 0.416406 0.589583 0.081250 0.120833
