0 0.692277 0.425608 0.114063 0.115278
0 0.747741 0.207375 0.121875 0.154167
0 0.582549 0.456291 0.095312 0.140278
0 0.237261 0.500053 0.098438 0.136111
0 0.344892 0.425062 0.099219 0.111111
0 0.722816 0.546943 0.135937 0.102778
0 0.748795 0.649293 0.145313 0.120833
0 0.138569 0.454942 0.095312 0.137500
0 0.582532 0.639235 0.113281 0.180556
0 0.471942 0.456737 0.068750 0.188889
0 0.819198 0.438668 0.113281 0.136111
0 0.922073 0.415598 0.109375 0.138889
0 0.355778 0.535488 0.127344 0.100000
0 0.078125 0.568750 0.142188 0.093056
0 0.919141 0.618056 0.158594 0.122222
