0 0.692223 0.425656 0.114063 0.115278
0 0.747643 0.207429 0.121875 0.154167
0 0.582547 0.456412 0.095312 0.140278
0 0.587588 0.632771 0.097656 0.143056
0 0.368054 0.559871 0.122656 0.127778
0 0.237394 0.499774 0.098438 0.136111
0 0.479712 0.472410 0.071875 0.155556
0 0.344858 0.425036 0.099219 0.111111
0 0.829666 0.491675 0.104687 0.133333
0 0.923046 0.413888 0.147656 0.122222
0 0.722736 0.547191 0.135937 0.102778
0 0.749301 0.653259 0.145313 0.120833
0 0.052207 0.388659 0.096094 0.081944
0 0.138304 0.454914 0.095312 0.137500
0 0.072266 0.587500 0.144531 0.102778
