0 0.584553 0.416322 0.084375 0.169444
0 0.672792 0.411815 0.079687 0.175000
0 0.902439 0.542158 0.100000 0.144444
0 0.523248 0.716684 0.074219 0.152778
0 0.976856 0.749310 0.045313 0.134722
0 0.595429 0.124146 0.086719 0.163889
0 0.132871 0.133282 0.061719 0.093056
0 0.043147 0.142085 0.076563 0.166667
0 0.883149 0.751685 0.089844 0.126389
0 0.120512 0.330743 0.124219 0.122222
0 0.183339 0.464295 0.096875 0.113889
0 0.101915 0.473132 0.087500 0.111111
0 0.355204 0.273367 0.063281 0.088889
0 0.173631 0.657872 0.114844 0.163889
0 0.154655 0.933281 0.133594 0.125000
0 0.028867 0.327697 0.056250 0.137500
0 0.510802 0.224627 0.110937 0.176389
0 0.920616 0.104757 0.100000 0.162500
0 0.315606 0.407660 0.150000 0.156944
