0 0.757073 0.195866 0.093750 0.155556
0 0.080363 0.200463 0.075000 0.093056
0 0.372429 0.616483 0.097656 0.087500
0 0.371765 0.520634 0.087500 0.105556
0 0.475773 0.457563 0.078125 0.090278
0 0.569110 0.523915 0.071875 0.095833
0 0.614003 0.429903 0.082813 0.109722
0 0.701019 0.425802 0.082031 0.104167
0 0.755213 0.661720 0.091406 0.122222
0 0.800836 0.372279 0.117188 0.136111
0 0.153949 0.578598 0.138281 0.098611
0 0.808967 0.499751 0.114063 0.105556
0 0.932427 0.462600 0.132031 0.091667
0 0.694958 0.539867 0.085156 0.094444
0 0.459142 0.590477 0.081250 0.111111
0 0.119897 0.454815 0.182031 0.109722
0 0.808394 0.611734 0.103125 0.109722
