0 0.584681 0.407413 0.078125 0.156944
0 0.661781 0.416157 0.061719 0.168056
0 0.921534 0.097041 0.104687 0.155556
0 0.901015 0.553899 0.104687 0.144444
0 0.900283 0.738855 0.104687 0.170833
0 0.216435 0.063220 0.120312 0.123611
0 0.125474 0.050946 0.061719 0.100000
0 0.597788 0.116650 0.085938 0.177778
0 0.177380 0.649780 0.114063 0.173611
0 0.103162 0.305329 0.066406 0.147222
0 0.100055 0.419088 0.085938 0.144444
0 0.176040 0.325141 0.079687 0.118056
0 0.205333 0.456126 0.115625 0.118056
0 0.520183 0.736751 0.096094 0.145833
0 0.178516 0.906250 0.142969 0.176389
