0 0.292928 0.331804 0.112500 0.144444
0 0.565208 0.616776 0.096875 0.161111
0 0.759570 0.872159 0.092188 0.141667
0 0.312352 0.138996 0.091406 0.120833
0 0.168313 0.870214 0.110156 0.148611
0 0.292929 0.331805 0.112500 0.144444
0 0.565210 0.616774 0.096875 0.161111
0 0.759572 0.872161 0.092188 0.141667
0 0.312353 0.138995 0.091406 0.120833
0 0.168315 0.870214 0.110156 0.148611
0 0.292928 0.331804 0.112500 0.144444
0 0.565208 0.616777 0.096875 0.161111
0 0.759569 0.872159 0.092188 0.141667
0 0.312352 0.138997 0.091406 0.120833
0 0.168313 0.870213 0.110156 0.148611
0 0.292928 0.331804 0.112500 0.144444
0 0.565209 0.616772 0.096875 0.161111
0 0.759573 0.872161 0.092188 0.141667
0 0.312352 0.138996 0.091406 0.120833
0 0.168312 0.870216 0.110156 0.148611
0 0.875042 0.911177 0.115625 0.166667
0 0.481165 0.776306 0.087500 0.130556
0 0.627761 0.861839 0.082031 0.190278
0 0.297685 0.868160 0.070312 0.188889
0 0.481327 0.907241 0.060938 0.111111
0 0.378404 0.933514 0.085156 0.108333
0 0.367578 0.811111 0.072656 0.141667
