0 0.785786 0.174429 0.076563 0.175000
0 0.931643 0.411783 0.132031 0.087500
0 0.133482 0.657399 0.149219 0.116667
0 0.166365 0.440305 0.135937 0.113889
0 0.276189 0.468089 0.094531 0.138889
0 0.342342 0.458075 0.054688 0.137500
0 0.448133 0.376857 0.086719 0.145833
0 0.849949 0.519502 0.110937 0.144444
0 0.586413 0.547399 0.096094 0.143056
0 0.466860 0.484148 0.095312 0.141667
0 0.380728 0.388781 0.074219 0.136111
0 0.107745 0.535500 0.148438 0.115278
0 0.706862 0.184752 0.089062 0.155556
0 0.588672 0.386111 0.108594 0.127778
0 0.677734 0.443750 0.091406 0.140278
