0 0.756014 0.184441 0.093750 0.155556
0 0.080582 0.201117 0.075000 0.093056
0 0.392327 0.596679 0.074219 0.113889
0 0.619567 0.405730 0.079687 0.111111
0 0.642948 0.511736 0.092188 0.125000
0 0.501575 0.516704 0.070312 0.119444
0 0.738879 0.450956 0.123438 0.112500
0 0.687410 0.662471 0.089844 0.122222
0 0.781502 0.577603 0.103906 0.116667
0 0.741326 0.364114 0.135937 0.122222
0 0.278048 0.616369 0.106250 0.080556
0 0.132853 0.610465 0.152344 0.113889
0 0.543732 0.448690 0.079687 0.108333
0 0.866406 0.470833 0.117188 0.100000
0 0.392969 0.463194 0.078125 0.134722
0 0.283984 0.529167 0.105469 0.094444
0 0.250000 0.336806 0.125000 0.131944
