0 0.761545 0.201847 0.082813 0.147222
0 0.680280 0.416337 0.075781 0.100000
0 0.922002 0.427682 0.143750 0.141667
0 0.794860 0.439512 0.108594 0.140278
0 0.436672 0.436815 0.093750 0.143056
0 0.262921 0.537619 0.138281 0.104167
0 0.139836 0.485489 0.107813 0.109722
0 0.525350 0.433615 0.064844 0.188889
0 0.683092 0.501281 0.157813 0.105556
0 0.408501 0.555814 0.117188 0.127778
0 0.091107 0.592066 0.157031 0.120833
0 0.331635 0.409919 0.094531 0.150000
0 0.213700 0.442391 0.133594 0.098611
0 0.871932 0.599191 0.154687 0.134722
