0 0.690036 0.172252 0.070312 0.163889
0 0.770067 0.189107 0.091406 0.130556
0 0.665999 0.452870 0.094531 0.136111
0 0.742902 0.429573 0.075000 0.159722
0 0.801923 0.475491 0.082031 0.098611
0 0.374957 0.621074 0.096094 0.113889
0 0.192254 0.456516 0.123438 0.134722
0 0.916202 0.393813 0.140625 0.098611
0 0.762205 0.571728 0.149219 0.126389
0 0.207422 0.578472 0.107031 0.140278
0 0.286328 0.510417 0.113281 0.101389
0 0.394922 0.500694 0.086719 0.140278
0 0.500781 0.667361 0.089062 0.148611
0 0.555078 0.515972 0.086719 0.145833
0 0.921875 0.573611 0.150000 0.113889
