0 0.564495 0.468243 0.075781 0.113889
0 0.660346 0.444131 0.065625 0.066667
0 0.652140 0.387494 0.088281 0.094444
0 0.720447 0.510873 0.096875 0.105556
0 0.688434 0.175337 0.076563 0.156944
0 0.764338 0.177321 0.050781 0.091667
0 0.808153 0.527869 0.083594 0.105556
0 0.907763 0.582593 0.106250 0.120833
0 0.312451 0.470271 0.096875 0.104167
0 0.641271 0.613083 0.091406 0.122222
0 0.454146 0.340293 0.087500 0.140278
0 0.182901 0.577693 0.135937 0.100000
0 0.377934 0.363970 0.082813 0.130556
0 0.728933 0.625680 0.096875 0.120833
0 0.438281 0.466667 0.076563 0.077778
0 0.559766 0.080556 0.089844 0.150000
