0 0.752943 0.193370 0.082813 0.147222
0 0.595751 0.434672 0.075781 0.147222
0 0.046315 0.180646 0.091406 0.123611
0 0.239777 0.469395 0.078125 0.102778
0 0.680068 0.416421 0.075781 0.100000
0 0.921967 0.427759 0.143750 0.141667
0 0.343421 0.441602 0.097656 0.113889
0 0.868383 0.601295 0.157031 0.116667
0 0.794913 0.439462 0.108594 0.140278
0 0.412219 0.577265 0.107813 0.119444
0 0.155425 0.488907 0.104687 0.125000
0 0.114460 0.565394 0.128906 0.083333
0 0.254687 0.554861 0.115625 0.087500
0 0.436719 0.436806 0.093750 0.143056
0 0.676562 0.513889 0.120312 0.086111
