0 0.697998 0.197495 0.075781 0.154167
0 0.408489 0.466857 0.074219 0.134722
0 0.666147 0.474418 0.082031 0.134722
0 0.753770 0.377974 0.099219 0.083333
0 0.475789 0.488987 0.071875 0.115278
0 0.832509 0.600162 0.110156 0.104167
0 0.811348 0.507006 0.107031 0.102778
0 0.796523 0.172260 0.060938 0.108333
0 0.729787 0.443729 0.062500 0.070833
0 0.572615 0.473128 0.056250 0.093056
0 0.230101 0.438057 0.144531 0.125000
0 0.511646 0.410487 0.068750 0.101389
0 0.579704 0.380975 0.096875 0.115278
0 0.721838 0.581037 0.111719 0.108333
0 0.254216 0.535161 0.103125 0.081944
0 0.331918 0.618399 0.098438 0.131944
0 0.073437 0.594444 0.146875 0.116667
