0 0.758250 0.195700 0.093750 0.155556
0 0.080871 0.200256 0.075000 0.093056
0 0.614119 0.429849 0.082813 0.109722
0 0.800948 0.372139 0.117188 0.136111
0 0.808705 0.492128 0.114063 0.105556
0 0.932501 0.462656 0.132031 0.091667
0 0.387257 0.561139 0.081250 0.111111
0 0.805271 0.601338 0.103125 0.109722
0 0.558203 0.508275 0.074219 0.102778
0 0.687809 0.518721 0.085938 0.104167
0 0.677027 0.388240 0.078906 0.123611
0 0.314101 0.517296 0.120312 0.095833
0 0.286441 0.632691 0.103125 0.065278
0 0.413652 0.447908 0.086719 0.095833
0 0.161357 0.600428 0.156250 0.119444
0 0.731250 0.665972 0.123438 0.126389
