0 0.754326 0.201771 0.094531 0.166667
0 0.725797 0.500739 0.123438 0.168056
0 0.841747 0.443100 0.146094 0.119444
0 0.833552 0.598251 0.127344 0.122222
0 0.147236 0.476320 0.130469 0.105556
0 0.137695 0.591253 0.154687 0.097222
0 0.573000 0.403342 0.069531 0.118056
0 0.602576 0.507635 0.083594 0.097222
0 0.346104 0.453426 0.081250 0.140278
0 0.452746 0.488136 0.102344 0.154167
0 0.278960 0.587470 0.113281 0.118056
0 0.252783 0.419378 0.108594 0.116667
0 0.954272 0.395116 0.082031 0.104167
0 0.946097 0.661685 0.107031 0.136111
