0 0.695768 0.200922 0.075781 0.154167
0 0.775692 0.203393 0.079687 0.105556
0 0.413497 0.384957 0.067188 0.116667
0 0.371861 0.460257 0.085938 0.111111
0 0.564546 0.468087 0.075781 0.113889
0 0.660321 0.444386 0.065625 0.066667
0 0.652037 0.387430 0.088281 0.094444
0 0.749106 0.613471 0.101562 0.104167
0 0.814128 0.482542 0.085938 0.129167
0 0.720353 0.511030 0.096875 0.105556
0 0.475063 0.354185 0.084375 0.119444
0 0.460168 0.480379 0.076563 0.109722
0 0.905607 0.588319 0.123438 0.137500
0 0.244508 0.479801 0.129688 0.126389
0 0.640829 0.597250 0.100781 0.125000
0 0.120724 0.560398 0.099219 0.090278
0 0.178516 0.656250 0.144531 0.104167
