0 0.564539 0.468228 0.075781 0.113889
0 0.660358 0.444150 0.065625 0.066667
0 0.651972 0.387193 0.088281 0.094444
0 0.720381 0.510978 0.096875 0.105556
0 0.751070 0.603683 0.110156 0.118056
0 0.696247 0.163549 0.076563 0.156944
0 0.453412 0.491887 0.064844 0.091667
0 0.759764 0.175604 0.050781 0.091667
0 0.108917 0.635031 0.130469 0.100000
0 0.205518 0.543756 0.129688 0.098611
0 0.323293 0.468573 0.093750 0.120833
0 0.626526 0.602785 0.081250 0.111111
0 0.477363 0.382440 0.093750 0.120833
0 0.375391 0.371528 0.082031 0.118056
0 0.808203 0.527778 0.083594 0.105556
0 0.904688 0.577083 0.106250 0.120833
