0 0.292968 0.331974 0.112500 0.144444
0 0.306825 0.137316 0.098438 0.112500
0 0.565114 0.616689 0.096875 0.161111
0 0.947764 0.928430 0.102344 0.134722
0 0.354696 0.867571 0.067188 0.156944
0 0.540608 0.918108 0.068750 0.147222
0 0.295697 0.932363 0.061719 0.126389
0 0.441004 0.948909 0.092969 0.088889
0 0.416737 0.826359 0.061719 0.141667
0 0.693338 0.909771 0.097656 0.166667
0 0.546304 0.796444 0.105469 0.148611
0 0.216828 0.868773 0.085156 0.115278
0 0.791797 0.851389 0.108594 0.152778
0 0.835547 0.939583 0.121094 0.109722
