0 0.584737 0.407592 0.078125 0.156944
0 0.659138 0.409034 0.061719 0.168056
0 0.598551 0.119816 0.085938 0.177778
0 0.167742 0.641646 0.114063 0.173611
0 0.108169 0.439147 0.089844 0.123611
0 0.525954 0.715415 0.085938 0.163889
0 0.930984 0.115843 0.090625 0.154167
0 0.254239 0.117744 0.117969 0.169444
0 0.198035 0.455373 0.092969 0.129167
0 0.165424 0.133762 0.046875 0.100000
0 0.964753 0.757127 0.064062 0.155556
0 0.904666 0.553174 0.110937 0.125000
0 0.060206 0.075712 0.107813 0.127778
0 0.183142 0.317412 0.083594 0.115278
0 0.109142 0.306727 0.061719 0.105556
0 0.087954 0.905722 0.132031 0.169444
