0 0.688459 0.175189 0.076563 0.156944
0 0.378076 0.364012 0.082813 0.130556
0 0.656610 0.395119 0.078906 0.076389
0 0.651644 0.448405 0.051562 0.040278
0 0.777110 0.505748 0.101562 0.088889
0 0.312396 0.477598 0.109375 0.097222
0 0.755231 0.176294 0.061719 0.106944
0 0.544172 0.466012 0.082031 0.115278
0 0.420123 0.481678 0.074219 0.097222
0 0.689547 0.520171 0.103906 0.088889
0 0.462098 0.339712 0.072656 0.140278
0 0.720241 0.617725 0.108594 0.130556
0 0.603436 0.613774 0.099219 0.119444
0 0.845703 0.578472 0.097656 0.101389
0 0.144141 0.587500 0.139844 0.130556
