0 0.691084 0.336026 0.107031 0.133333
0 0.695311 0.470384 0.098438 0.115278
0 0.157411 0.357964 0.119531 0.108333
0 0.513616 0.446066 0.086719 0.137500
0 0.500920 0.613438 0.087500 0.154167
0 0.691084 0.336025 0.107031 0.133333
0 0.695309 0.470386 0.098438 0.115278
0 0.157407 0.357965 0.119531 0.108333
0 0.513617 0.446068 0.086719 0.137500
0 0.499438 0.614403 0.087500 0.154167
0 0.142035 0.427457 0.149219 0.086111
0 0.411040 0.398437 0.084375 0.136111
0 0.359131 0.560378 0.100000 0.119444
0 0.787086 0.292475 0.078906 0.113889
0 0.264056 0.429841 0.118750 0.126389
0 0.049343 0.320570 0.087500 0.116667
