0 0.759951 0.202235 0.082813 0.147222
0 0.680209 0.416169 0.075781 0.100000
0 0.921909 0.427807 0.143750 0.141667
0 0.888779 0.625661 0.157031 0.116667
0 0.794885 0.439642 0.108594 0.140278
0 0.436637 0.436810 0.093750 0.143056
0 0.262023 0.553340 0.138281 0.104167
0 0.090683 0.584560 0.140625 0.122222
0 0.139811 0.485436 0.107813 0.109722
0 0.237928 0.456287 0.103906 0.101389
0 0.525373 0.433579 0.064844 0.188889
0 0.681079 0.502823 0.157813 0.105556
0 0.345667 0.415327 0.097656 0.144444
0 0.410156 0.572222 0.117188 0.127778
