0 0.584677 0.407533 0.078125 0.156944
0 0.661779 0.416059 0.061719 0.168056
0 0.919614 0.109249 0.104687 0.155556
0 0.901713 0.553899 0.104687 0.144444
0 0.904193 0.744745 0.104687 0.170833
0 0.216513 0.063037 0.120312 0.123611
0 0.125089 0.050332 0.061719 0.100000
0 0.183825 0.330073 0.081250 0.104167
0 0.597585 0.117169 0.085938 0.177778
0 0.202146 0.472135 0.109375 0.136111
0 0.178235 0.650338 0.114063 0.173611
0 0.102177 0.305573 0.066406 0.147222
0 0.486057 0.774083 0.090625 0.159722
0 0.294023 0.909508 0.117969 0.177778
0 0.099231 0.455469 0.085938 0.144444
0 0.105469 0.934722 0.125000 0.127778
