0 0.753892 0.180490 0.093750 0.155556
0 0.080906 0.200534 0.075000 0.093056
0 0.800898 0.372070 0.117188 0.136111
0 0.807977 0.492902 0.114063 0.105556
0 0.932504 0.462718 0.132031 0.091667
0 0.803126 0.602287 0.103125 0.109722
0 0.558169 0.508266 0.074219 0.102778
0 0.687405 0.516975 0.085938 0.104167
0 0.676991 0.388406 0.078906 0.123611
0 0.314070 0.517384 0.120312 0.095833
0 0.286519 0.633341 0.103125 0.065278
0 0.413585 0.447879 0.086719 0.095833
0 0.162597 0.603150 0.156250 0.119444
0 0.730705 0.665828 0.123438 0.126389
0 0.405990 0.612023 0.085156 0.113889
0 0.613967 0.465374 0.084375 0.138889
