0 0.703460 0.181016 0.075781 0.154167
0 0.408909 0.467142 0.074219 0.134722
0 0.666123 0.474324 0.082031 0.134722
0 0.753664 0.377845 0.099219 0.083333
0 0.475758 0.488312 0.071875 0.115278
0 0.832359 0.600420 0.110156 0.104167
0 0.811295 0.506891 0.107031 0.102778
0 0.516936 0.407620 0.064844 0.101389
0 0.796255 0.170887 0.060938 0.108333
0 0.350324 0.625436 0.090625 0.156944
0 0.243697 0.417375 0.131250 0.120833
0 0.729653 0.443790 0.062500 0.070833
0 0.565635 0.340855 0.078125 0.134722
0 0.151953 0.491667 0.150781 0.102778
0 0.322656 0.517361 0.081250 0.109722
0 0.567187 0.484722 0.062500 0.102778
0 0.718750 0.578472 0.118750 0.106944
