0 0.584692 0.407513 0.078125 0.156944
0 0.661507 0.416283 0.061719 0.168056
0 0.922505 0.109021 0.104687 0.155556
0 0.900981 0.553912 0.104687 0.144444
0 0.902517 0.743857 0.104687 0.170833
0 0.216472 0.063130 0.120312 0.123611
0 0.597973 0.116264 0.085938 0.177778
0 0.177917 0.649507 0.114063 0.173611
0 0.103479 0.305271 0.066406 0.147222
0 0.175543 0.324507 0.079687 0.118056
0 0.205794 0.458011 0.115625 0.118056
0 0.519733 0.736744 0.096094 0.145833
0 0.167371 0.895063 0.142969 0.206944
0 0.095540 0.443143 0.089844 0.123611
