0 0.689793 0.172289 0.070312 0.163889
0 0.770984 0.176173 0.092188 0.134722
0 0.742466 0.656197 0.113281 0.137500
0 0.848504 0.555882 0.100781 0.108333
0 0.483380 0.600125 0.074219 0.105556
0 0.336571 0.490121 0.084375 0.119444
0 0.237119 0.435631 0.119531 0.148611
0 0.129328 0.424276 0.091406 0.095833
0 0.636374 0.617948 0.094531 0.133333
0 0.087891 0.638889 0.149219 0.130556
0 0.255469 0.606250 0.128125 0.137500
0 0.404687 0.534028 0.073437 0.123611
0 0.506250 0.502778 0.090625 0.105556
0 0.633203 0.498611 0.080469 0.111111
0 0.748047 0.490972 0.141406 0.129167
