0 0.681957 0.180401 0.076563 0.205556
0 0.786029 0.177269 0.076563 0.175000
0 0.931658 0.411869 0.132031 0.087500
0 0.126611 0.657163 0.149219 0.116667
0 0.166363 0.440431 0.135937 0.113889
0 0.276044 0.468326 0.094531 0.138889
0 0.130045 0.562859 0.146094 0.104167
0 0.695319 0.369461 0.095312 0.133333
0 0.342592 0.457940 0.054688 0.137500
0 0.396815 0.378153 0.078906 0.138889
0 0.469948 0.370285 0.086719 0.145833
0 0.449300 0.459888 0.085938 0.123611
0 0.648828 0.535417 0.121094 0.156944
0 0.751172 0.416667 0.072656 0.150000
0 0.850000 0.519444 0.110937 0.144444
