0 0.292992 0.331992 0.112500 0.144444
0 0.306060 0.147358 0.098438 0.112500
0 0.564934 0.616420 0.096875 0.161111
0 0.729399 0.911997 0.097656 0.154167
0 0.823926 0.866079 0.107031 0.150000
0 0.947872 0.928046 0.102344 0.134722
0 0.209342 0.861772 0.098438 0.129167
0 0.834494 0.960348 0.106250 0.070833
0 0.600752 0.866091 0.096875 0.162500
0 0.354752 0.867272 0.067188 0.156944
0 0.298062 0.914516 0.061719 0.143056
0 0.428125 0.831250 0.067188 0.131944
0 0.451172 0.949306 0.088281 0.081944
0 0.577734 0.939583 0.058594 0.115278
