0 0.584734 0.407527 0.078125 0.156944
0 0.659778 0.409112 0.061719 0.168056
0 0.598731 0.119829 0.085938 0.177778
0 0.165647 0.652945 0.114063 0.173611
0 0.107766 0.441964 0.089844 0.123611
0 0.525922 0.715459 0.085938 0.163889
0 0.923196 0.114805 0.090625 0.154167
0 0.197450 0.455742 0.092969 0.129167
0 0.964716 0.757133 0.064062 0.155556
0 0.908233 0.553449 0.110937 0.125000
0 0.180789 0.317464 0.083594 0.115278
0 0.106428 0.306882 0.061719 0.105556
0 0.088089 0.905632 0.132031 0.169444
0 0.176349 0.100000 0.050781 0.098611
0 0.263990 0.128879 0.105469 0.165278
0 0.073763 0.086710 0.142969 0.144444
0 0.370313 0.222222 0.090625 0.202778
0 0.423438 0.053472 0.057813 0.104167
