0 0.703465 0.193807 0.075781 0.154167
0 0.775105 0.203610 0.079687 0.105556
0 0.413491 0.384900 0.067188 0.116667
0 0.370315 0.474840 0.085938 0.111111
0 0.564526 0.468107 0.075781 0.113889
0 0.660226 0.444348 0.065625 0.066667
0 0.651964 0.387546 0.088281 0.094444
0 0.749297 0.611659 0.101562 0.104167
0 0.880559 0.596221 0.117188 0.125000
0 0.814122 0.482479 0.085938 0.129167
0 0.147968 0.549342 0.128906 0.076389
0 0.720353 0.510961 0.096875 0.105556
0 0.646631 0.627511 0.100000 0.126389
0 0.475036 0.354151 0.084375 0.119444
0 0.465716 0.478689 0.076563 0.109722
0 0.069086 0.485966 0.100781 0.100000
0 0.224917 0.470998 0.098438 0.102778
0 0.218798 0.676386 0.147656 0.109722
