0 0.756337 0.182954 0.082813 0.147222
0 0.680222 0.416308 0.075781 0.100000
0 0.921999 0.427788 0.143750 0.141667
0 0.794867 0.439605 0.108594 0.140278
0 0.436687 0.436839 0.093750 0.143056
0 0.139811 0.485463 0.107813 0.109722
0 0.525366 0.433467 0.064844 0.188889
0 0.090900 0.592458 0.157031 0.120833
0 0.331515 0.409921 0.094531 0.150000
0 0.213697 0.442269 0.133594 0.098611
0 0.872037 0.599251 0.154687 0.134722
0 0.402843 0.579209 0.102344 0.131944
0 0.242890 0.564794 0.125000 0.129167
0 0.670703 0.526389 0.141406 0.136111
