0 0.689939 0.172248 0.070312 0.163889
0 0.770183 0.189615 0.091406 0.130556
0 0.665941 0.452810 0.094531 0.136111
0 0.781214 0.573525 0.147656 0.123611
0 0.553007 0.658149 0.088281 0.116667
0 0.742900 0.429905 0.075000 0.159722
0 0.448825 0.499415 0.078906 0.134722
0 0.580331 0.535532 0.107813 0.129167
0 0.801943 0.475516 0.082031 0.098611
0 0.088281 0.600000 0.164062 0.138889
0 0.259766 0.600694 0.114844 0.134722
0 0.427734 0.611111 0.096094 0.113889
0 0.210547 0.465972 0.111719 0.131944
0 0.322656 0.488194 0.129688 0.106944
