0 0.292906 0.331688 0.112500 0.144444
0 0.565301 0.616715 0.096875 0.161111
0 0.308307 0.138703 0.091406 0.120833
0 0.292907 0.331688 0.112500 0.144444
0 0.565308 0.616712 0.096875 0.161111
0 0.308309 0.138701 0.091406 0.120833
0 0.292906 0.331687 0.112500 0.144444
0 0.565301 0.616715 0.096875 0.161111
0 0.308307 0.138703 0.091406 0.120833
0 0.292906 0.331687 0.112500 0.144444
0 0.565304 0.616702 0.096875 0.161111
0 0.308307 0.138703 0.091406 0.120833
0 0.875055 0.910770 0.115625 0.166667
0 0.636404 0.835181 0.080469 0.181944
0 0.493673 0.789664 0.082813 0.141667
0 0.745339 0.827653 0.104687 0.152778
0 0.762233 0.945204 0.114063 0.104167
0 0.244442 0.860887 0.087500 0.152778
0 0.333953 0.802760 0.096094 0.130556
0 0.105221 0.862467 0.138281 0.122222
0 0.505503 0.931654 0.065625 0.120833
0 0.346447 0.938733 0.094531 0.111111
