0 0.292899 0.331696 0.112500 0.144444
0 0.565332 0.616807 0.096875 0.161111
0 0.294761 0.121487 0.091406 0.120833
0 0.292899 0.331697 0.112500 0.144444
0 0.565338 0.616803 0.096875 0.161111
0 0.294770 0.121481 0.091406 0.120833
0 0.292899 0.331696 0.112500 0.144444
0 0.565332 0.616807 0.096875 0.161111
0 0.294764 0.121486 0.091406 0.120833
0 0.292899 0.331696 0.112500 0.144444
0 0.565335 0.616796 0.096875 0.161111
0 0.294764 0.121485 0.091406 0.120833
0 0.222289 0.884015 0.053906 0.176389
0 0.421864 0.802132 0.073437 0.156944
0 0.109311 0.863888 0.131250 0.144444
0 0.307432 0.943797 0.102344 0.094444
0 0.472569 0.905432 0.046875 0.161111
0 0.680462 0.847889 0.104687 0.143056
0 0.676901 0.940965 0.110156 0.115278
0 0.562403 0.805127 0.075000 0.161111
0 0.810222 0.899920 0.118750 0.191667
0 0.298260 0.838960 0.076563 0.150000
