0 0.750404 0.208107 0.089844 0.151389
0 0.374302 0.444273 0.082813 0.158333
0 0.443805 0.520044 0.090625 0.101389
0 0.501890 0.449849 0.074219 0.155556
0 0.458008 0.638003 0.105469 0.120833
0 0.589815 0.441692 0.090625 0.191667
0 0.683145 0.375635 0.102344 0.137500
0 0.304295 0.624825 0.135156 0.151389
0 0.852662 0.426215 0.108594 0.138889
0 0.761730 0.440876 0.067188 0.176389
0 0.151958 0.424417 0.121094 0.176389
0 0.272241 0.448743 0.119531 0.163889
0 0.039470 0.204187 0.071094 0.150000
0 0.117188 0.238889 0.070312 0.125000
