0 0.292890 0.331624 0.112500 0.144444
0 0.565243 0.616622 0.096875 0.161111
0 0.306426 0.150307 0.091406 0.120833
0 0.292891 0.331623 0.112500 0.144444
0 0.565250 0.616622 0.096875 0.161111
0 0.306453 0.150278 0.091406 0.120833
0 0.292890 0.331623 0.112500 0.144444
0 0.565243 0.616622 0.096875 0.161111
0 0.306432 0.150302 0.091406 0.120833
0 0.292890 0.331623 0.112500 0.144444
0 0.565247 0.616618 0.096875 0.161111
0 0.306435 0.150296 0.091406 0.120833
0 0.222148 0.884112 0.053906 0.176389
0 0.421853 0.802159 0.073437 0.156944
0 0.109374 0.863942 0.131250 0.144444
0 0.307566 0.944096 0.102344 0.094444
0 0.680551 0.847899 0.104687 0.143056
0 0.294469 0.826534 0.078125 0.136111
0 0.915910 0.859355 0.124219 0.159722
0 0.459631 0.913482 0.066406 0.162500
0 0.799639 0.877764 0.105469 0.194444
0 0.693070 0.945882 0.100000 0.105556
0 0.563993 0.794684 0.073437 0.155556
