0 0.564689 0.468050 0.075781 0.113889
0 0.660406 0.444158 0.065625 0.066667
0 0.652021 0.387294 0.088281 0.094444
0 0.720457 0.510970 0.096875 0.105556
0 0.688125 0.175167 0.076563 0.156944
0 0.760407 0.181608 0.050781 0.091667
0 0.108974 0.634973 0.130469 0.100000
0 0.808151 0.527984 0.083594 0.105556
0 0.911488 0.585314 0.106250 0.120833
0 0.312510 0.470237 0.096875 0.104167
0 0.633284 0.604413 0.091406 0.122222
0 0.454027 0.339882 0.087500 0.140278
0 0.182716 0.577803 0.135937 0.100000
0 0.444620 0.479609 0.060938 0.083333
0 0.378144 0.364072 0.082813 0.130556
0 0.728906 0.625694 0.096875 0.120833
