0 0.584772 0.407644 0.078125 0.156944
0 0.593976 0.132171 0.085938 0.177778
0 0.158885 0.654851 0.114063 0.173611
0 0.526008 0.715484 0.085938 0.163889
0 0.914978 0.085778 0.090625 0.154167
0 0.970842 0.751614 0.064062 0.155556
0 0.908879 0.553559 0.110937 0.125000
0 0.085755 0.452521 0.075781 0.129167
0 0.121021 0.321642 0.043750 0.100000
0 0.894536 0.743922 0.082813 0.126389
0 0.253620 0.366248 0.120312 0.112500
0 0.172822 0.318608 0.046094 0.097222
0 0.190684 0.450729 0.088281 0.113889
0 0.653375 0.421261 0.057031 0.112500
0 0.177092 0.094630 0.091406 0.168056
0 0.257491 0.154996 0.078906 0.119444
0 0.053906 0.105556 0.107813 0.125000
