0 0.756854 0.194655 0.093750 0.155556
0 0.080794 0.200478 0.075000 0.093056
0 0.341726 0.627284 0.097656 0.087500
0 0.614076 0.429861 0.082813 0.109722
0 0.759198 0.675466 0.091406 0.122222
0 0.800929 0.372154 0.117188 0.136111
0 0.808198 0.494912 0.114063 0.105556
0 0.932509 0.462658 0.132031 0.091667
0 0.455515 0.587505 0.081250 0.111111
0 0.829917 0.603742 0.103125 0.109722
0 0.558214 0.508180 0.074219 0.102778
0 0.189714 0.586804 0.169531 0.102778
0 0.688162 0.519374 0.085938 0.104167
0 0.676887 0.388392 0.078906 0.123611
0 0.451586 0.455656 0.075000 0.105556
0 0.339053 0.524887 0.117188 0.100000
