0 0.689925 0.172325 0.070312 0.163889
0 0.771405 0.187926 0.091406 0.130556
0 0.493734 0.498023 0.076563 0.120833
0 0.639100 0.422951 0.065625 0.145833
0 0.704407 0.458404 0.078906 0.088889
0 0.691149 0.550848 0.138281 0.094444
0 0.570242 0.445834 0.073437 0.138889
0 0.154939 0.473240 0.069531 0.125000
0 0.256481 0.460436 0.124219 0.129167
0 0.851835 0.614834 0.161719 0.150000
0 0.864276 0.385018 0.135156 0.111111
0 0.075933 0.543907 0.128906 0.108333
0 0.322946 0.600830 0.114063 0.109722
0 0.353092 0.485274 0.071875 0.131944
0 0.438347 0.634987 0.089062 0.141667
0 0.216797 0.625694 0.096094 0.173611
