0 0.564576 0.468338 0.075781 0.113889
0 0.660350 0.444085 0.065625 0.066667
0 0.652025 0.387188 0.088281 0.094444
0 0.720396 0.510927 0.096875 0.105556
0 0.751174 0.603695 0.110156 0.118056
0 0.697040 0.164229 0.076563 0.156944
0 0.453239 0.491061 0.064844 0.091667
0 0.759795 0.176062 0.050781 0.091667
0 0.385878 0.389651 0.065625 0.109722
0 0.109135 0.635169 0.130469 0.100000
0 0.205490 0.543743 0.129688 0.098611
0 0.323523 0.468571 0.093750 0.120833
0 0.816095 0.524705 0.086719 0.111111
0 0.626967 0.607452 0.081250 0.111111
0 0.477319 0.382337 0.093750 0.120833
0 0.892756 0.590307 0.113281 0.120833
