0 0.584698 0.407506 0.078125 0.156944
0 0.660761 0.416346 0.061719 0.168056
0 0.900788 0.553867 0.104687 0.144444
0 0.902534 0.743921 0.104687 0.170833
0 0.216452 0.063256 0.120312 0.123611
0 0.597672 0.118480 0.085938 0.177778
0 0.177941 0.650407 0.114063 0.173611
0 0.173732 0.324035 0.079687 0.118056
0 0.190301 0.447070 0.115625 0.118056
0 0.098572 0.451162 0.089844 0.123611
0 0.114718 0.314566 0.050781 0.137500
0 0.152746 0.884310 0.141406 0.184722
0 0.525770 0.715306 0.085938 0.163889
0 0.931250 0.114583 0.090625 0.154167
