0 0.757207 0.195081 0.093750 0.155556
0 0.080809 0.200773 0.075000 0.093056
0 0.614052 0.429764 0.082813 0.109722
0 0.759728 0.675857 0.091406 0.122222
0 0.800980 0.372153 0.117188 0.136111
0 0.809029 0.492882 0.114063 0.105556
0 0.932536 0.462705 0.132031 0.091667
0 0.424703 0.594216 0.081250 0.111111
0 0.812341 0.598432 0.103125 0.109722
0 0.558149 0.508287 0.074219 0.102778
0 0.685911 0.519632 0.085938 0.104167
0 0.677079 0.387820 0.078906 0.123611
0 0.451468 0.455675 0.075000 0.105556
0 0.314099 0.517452 0.120312 0.095833
0 0.296094 0.609028 0.103125 0.065278
0 0.164844 0.596528 0.160938 0.095833
