0 0.698884 0.180102 0.075781 0.154167
0 0.796425 0.166205 0.040625 0.102778
0 0.348314 0.635795 0.078906 0.130556
0 0.408637 0.466758 0.074219 0.134722
0 0.477489 0.500479 0.070312 0.102778
0 0.505992 0.406269 0.064062 0.111111
0 0.576126 0.388137 0.077344 0.123611
0 0.666019 0.474344 0.082031 0.134722
0 0.831473 0.608968 0.092188 0.109722
0 0.747662 0.482171 0.077344 0.106944
0 0.836206 0.506232 0.093750 0.093056
0 0.181043 0.491009 0.099219 0.129167
0 0.563672 0.488194 0.060156 0.087500
0 0.320703 0.521528 0.074219 0.087500
0 0.265234 0.427778 0.113281 0.113889
0 0.753516 0.377778 0.099219 0.083333
0 0.717969 0.580556 0.117188 0.102778
