0 0.564588 0.468295 0.075781 0.113889
0 0.660341 0.444251 0.065625 0.066667
0 0.652020 0.386975 0.088281 0.094444
0 0.720445 0.510934 0.096875 0.105556
0 0.751529 0.603203 0.110156 0.118056
0 0.688132 0.175158 0.076563 0.156944
0 0.759482 0.181186 0.050781 0.091667
0 0.108857 0.635098 0.130469 0.100000
0 0.808103 0.527767 0.083594 0.105556
0 0.910947 0.584783 0.106250 0.120833
0 0.312609 0.470318 0.096875 0.104167
0 0.633207 0.605238 0.091406 0.122222
0 0.453986 0.339827 0.087500 0.140278
0 0.183051 0.577726 0.135937 0.100000
0 0.446094 0.483333 0.060938 0.083333
0 0.378125 0.363889 0.082813 0.130556
