0 0.292945 0.332015 0.112500 0.144444
0 0.309196 0.136152 0.098438 0.112500
0 0.565151 0.616649 0.096875 0.161111
0 0.406916 0.857147 0.070312 0.152778
0 0.476565 0.813721 0.064062 0.123611
0 0.498054 0.941191 0.077344 0.106944
0 0.729336 0.911943 0.097656 0.154167
0 0.823959 0.865786 0.107031 0.150000
0 0.947626 0.928418 0.102344 0.134722
0 0.209345 0.861795 0.098438 0.129167
0 0.834441 0.960276 0.106250 0.070833
0 0.598544 0.807486 0.096875 0.162500
0 0.607069 0.939728 0.070312 0.109722
0 0.313281 0.920833 0.079687 0.138889
