0 0.750345 0.208220 0.089844 0.151389
0 0.852818 0.426581 0.108594 0.138889
0 0.101467 0.204141 0.089062 0.127778
0 0.886365 0.578696 0.138281 0.126389
0 0.358889 0.632115 0.118750 0.130556
0 0.565256 0.415127 0.067969 0.166667
0 0.656436 0.360040 0.081250 0.176389
0 0.171272 0.619735 0.182031 0.151389
0 0.250378 0.387595 0.125781 0.113889
0 0.132911 0.457716 0.123438 0.126389
0 0.329756 0.519609 0.126563 0.094444
0 0.435152 0.458382 0.085938 0.169444
0 0.738281 0.421528 0.079687 0.176389
0 0.957031 0.450000 0.082813 0.108333
