0 0.292924 0.331744 0.112500 0.144444
0 0.565320 0.616971 0.096875 0.161111
0 0.307846 0.146104 0.091406 0.120833
0 0.292925 0.331744 0.112500 0.144444
0 0.565322 0.616971 0.096875 0.161111
0 0.307848 0.146104 0.091406 0.120833
0 0.292924 0.331744 0.112500 0.144444
0 0.565320 0.616971 0.096875 0.161111
0 0.307847 0.146105 0.091406 0.120833
0 0.292924 0.331744 0.112500 0.144444
0 0.565321 0.616964 0.096875 0.161111
0 0.307846 0.146104 0.091406 0.120833
0 0.875195 0.911250 0.115625 0.166667
0 0.481200 0.776440 0.087500 0.130556
0 0.297602 0.868360 0.070312 0.188889
0 0.378592 0.933483 0.085156 0.108333
0 0.163603 0.827806 0.122656 0.155556
0 0.636331 0.835340 0.080469 0.181944
0 0.494351 0.909938 0.054688 0.116667
0 0.363281 0.809722 0.059375 0.141667
0 0.747266 0.868056 0.100781 0.144444
