0 0.690079 0.172275 0.070312 0.163889
0 0.773358 0.189965 0.091406 0.130556
0 0.493837 0.498215 0.076563 0.120833
0 0.639126 0.422920 0.065625 0.145833
0 0.570197 0.445835 0.073437 0.138889
0 0.155607 0.480579 0.069531 0.125000
0 0.075750 0.544034 0.128906 0.108333
0 0.668795 0.592225 0.094531 0.144444
0 0.364355 0.500008 0.068750 0.113889
0 0.244525 0.480905 0.121875 0.138889
0 0.416221 0.631964 0.077344 0.148611
0 0.697640 0.490411 0.079687 0.091667
0 0.321576 0.565857 0.086719 0.115278
0 0.796411 0.403398 0.136719 0.129167
0 0.828125 0.571528 0.121875 0.140278
