0 0.584776 0.407523 0.078125 0.156944
0 0.659385 0.407627 0.061719 0.168056
0 0.900236 0.553875 0.104687 0.144444
0 0.598598 0.120231 0.085938 0.177778
0 0.166940 0.648589 0.114063 0.173611
0 0.107853 0.441537 0.089844 0.123611
0 0.525963 0.715402 0.085938 0.163889
0 0.933039 0.114914 0.090625 0.154167
0 0.108257 0.126197 0.132812 0.141667
0 0.246651 0.142370 0.117969 0.169444
0 0.199861 0.454446 0.092969 0.129167
0 0.189692 0.340066 0.067969 0.131944
0 0.116016 0.320833 0.058594 0.100000
0 0.091016 0.904861 0.146094 0.179167
