0 0.701413 0.175609 0.075781 0.154167
0 0.780019 0.194919 0.079687 0.105556
0 0.413493 0.384877 0.067188 0.116667
0 0.370094 0.475078 0.085938 0.111111
0 0.564500 0.468188 0.075781 0.113889
0 0.484380 0.354607 0.081250 0.118056
0 0.170448 0.674823 0.138281 0.119444
0 0.744506 0.507670 0.104687 0.115278
0 0.660141 0.444275 0.065625 0.066667
0 0.471925 0.479646 0.067188 0.093056
0 0.193072 0.474938 0.151562 0.100000
0 0.062682 0.504829 0.116406 0.090278
0 0.652016 0.387503 0.088281 0.094444
0 0.661312 0.609167 0.092969 0.125000
0 0.749488 0.609796 0.101562 0.104167
0 0.899384 0.592180 0.112500 0.123611
0 0.814813 0.503507 0.089062 0.104167
0 0.141406 0.562500 0.121875 0.077778
