0 0.689835 0.172196 0.070312 0.163889
0 0.770436 0.175747 0.092188 0.134722
0 0.237094 0.435390 0.119531 0.148611
0 0.137880 0.454845 0.080469 0.123611
0 0.319018 0.472392 0.086719 0.119444
0 0.457382 0.494291 0.069531 0.133333
0 0.241481 0.569816 0.121875 0.137500
0 0.455189 0.628550 0.089844 0.123611
0 0.562839 0.502710 0.067969 0.127778
0 0.120164 0.665355 0.131250 0.113889
0 0.659404 0.527249 0.118750 0.129167
0 0.918374 0.414519 0.130469 0.093056
0 0.192909 0.691285 0.107813 0.108333
0 0.392112 0.504120 0.070312 0.113889
0 0.560912 0.616925 0.085938 0.130556
0 0.764801 0.472908 0.117188 0.104167
0 0.080859 0.561806 0.141406 0.101389
0 0.628516 0.680556 0.080469 0.147222
0 0.838672 0.537500 0.102344 0.097222
