0 0.292972 0.332002 0.112500 0.144444
0 0.306329 0.143460 0.098438 0.112500
0 0.565051 0.616536 0.096875 0.161111
0 0.729411 0.911968 0.097656 0.154167
0 0.823955 0.865838 0.107031 0.150000
0 0.947733 0.928241 0.102344 0.134722
0 0.209337 0.861616 0.098438 0.129167
0 0.834539 0.960621 0.106250 0.070833
0 0.600859 0.866158 0.096875 0.162500
0 0.607064 0.939500 0.070312 0.109722
0 0.451562 0.846528 0.075000 0.145833
0 0.467187 0.949306 0.081250 0.076389
0 0.354688 0.867361 0.067188 0.156944
0 0.298047 0.914583 0.061719 0.143056
