0 0.688343 0.175179 0.076563 0.156944
0 0.768198 0.175886 0.050781 0.091667
0 0.182852 0.577540 0.135937 0.100000
0 0.378032 0.363910 0.082813 0.130556
0 0.656608 0.395120 0.078906 0.076389
0 0.651700 0.448427 0.051562 0.040278
0 0.697241 0.529052 0.067969 0.079167
0 0.727500 0.621643 0.089062 0.112500
0 0.307272 0.494531 0.112500 0.130556
0 0.472247 0.379695 0.092969 0.123611
0 0.777260 0.505536 0.101562 0.088889
0 0.548028 0.453993 0.085156 0.108333
0 0.636312 0.624686 0.092188 0.138889
0 0.855268 0.596459 0.118750 0.127778
0 0.427770 0.468060 0.072656 0.083333
