0 0.750395 0.208188 0.089844 0.151389
0 0.501880 0.450047 0.074219 0.155556
0 0.458835 0.638169 0.105469 0.120833
0 0.589804 0.441707 0.090625 0.191667
0 0.683236 0.375612 0.102344 0.137500
0 0.852857 0.426329 0.108594 0.138889
0 0.761825 0.440994 0.067188 0.176389
0 0.290278 0.604182 0.125781 0.134722
0 0.887128 0.578910 0.127344 0.106944
0 0.356128 0.454274 0.081250 0.130556
0 0.249105 0.425910 0.120312 0.129167
0 0.422207 0.529297 0.105469 0.113889
0 0.127193 0.213182 0.128125 0.111111
0 0.130469 0.433333 0.112500 0.141667
