0 0.292918 0.331712 0.112500 0.144444
0 0.565297 0.616528 0.096875 0.161111
0 0.307560 0.142679 0.091406 0.120833
0 0.292919 0.331712 0.112500 0.144444
0 0.565303 0.616527 0.096875 0.161111
0 0.307562 0.142678 0.091406 0.120833
0 0.292918 0.331711 0.112500 0.144444
0 0.565297 0.616528 0.096875 0.161111
0 0.307560 0.142680 0.091406 0.120833
0 0.292918 0.331711 0.112500 0.144444
0 0.565300 0.616521 0.096875 0.161111
0 0.307560 0.142679 0.091406 0.120833
0 0.875243 0.911269 0.115625 0.166667
0 0.636440 0.835303 0.080469 0.181944
0 0.745454 0.827805 0.104687 0.152778
0 0.762172 0.945541 0.114063 0.104167
0 0.105182 0.862495 0.138281 0.122222
0 0.505693 0.931546 0.065625 0.120833
0 0.346549 0.938930 0.094531 0.111111
0 0.459366 0.781936 0.089062 0.141667
0 0.238658 0.877665 0.085156 0.175000
0 0.304297 0.835417 0.067969 0.154167
