0 0.689830 0.172238 0.070312 0.163889
0 0.642609 0.496493 0.089844 0.123611
0 0.541472 0.508926 0.082813 0.145833
0 0.508119 0.634134 0.085938 0.105556
0 0.771811 0.171238 0.092188 0.134722
0 0.743416 0.484022 0.125781 0.168056
0 0.277847 0.432303 0.100781 0.116667
0 0.166376 0.426340 0.129688 0.119444
0 0.628566 0.605380 0.084375 0.129167
0 0.729160 0.658888 0.113281 0.137500
0 0.843945 0.560903 0.100781 0.108333
0 0.282813 0.574306 0.098438 0.134722
0 0.359766 0.488194 0.088281 0.123611
0 0.441016 0.522222 0.071094 0.144444
