0 0.690045 0.172413 0.070312 0.163889
0 0.772971 0.187113 0.091406 0.130556
0 0.614852 0.424273 0.065625 0.126389
0 0.794557 0.383216 0.148438 0.136111
0 0.672305 0.549101 0.117969 0.129167
0 0.356747 0.708084 0.003906 0.001389
0 0.678839 0.413299 0.076563 0.126389
0 0.819037 0.547826 0.126563 0.129167
0 0.192613 0.509693 0.123438 0.097222
0 0.451749 0.477959 0.075000 0.130556
0 0.253587 0.429757 0.146094 0.104167
0 0.112860 0.673830 0.142969 0.133333
0 0.382422 0.604167 0.116406 0.122222
0 0.520312 0.443750 0.057813 0.137500
