0 0.756625 0.194722 0.093750 0.155556
0 0.080404 0.200767 0.075000 0.093056
0 0.372374 0.616348 0.097656 0.087500
0 0.371675 0.520553 0.087500 0.105556
0 0.475801 0.457576 0.078125 0.090278
0 0.613975 0.429841 0.082813 0.109722
0 0.701096 0.425750 0.082031 0.104167
0 0.755238 0.663485 0.091406 0.122222
0 0.800747 0.372249 0.117188 0.136111
0 0.163211 0.600023 0.138281 0.098611
0 0.809851 0.497510 0.114063 0.105556
0 0.932406 0.462646 0.132031 0.091667
0 0.465419 0.583432 0.081250 0.111111
0 0.806425 0.609327 0.103125 0.109722
0 0.558203 0.508333 0.074219 0.102778
0 0.687891 0.530556 0.078906 0.116667
