0 0.692160 0.425597 0.114063 0.115278
0 0.747412 0.208080 0.121875 0.154167
0 0.582685 0.456251 0.095312 0.140278
0 0.591508 0.630407 0.097656 0.143056
0 0.354089 0.547034 0.122656 0.127778
0 0.237330 0.499827 0.098438 0.136111
0 0.479673 0.472459 0.071875 0.155556
0 0.344850 0.424944 0.099219 0.111111
0 0.829617 0.491739 0.104687 0.133333
0 0.140625 0.442361 0.118750 0.143056
0 0.081641 0.581250 0.155469 0.123611
0 0.716406 0.548611 0.129688 0.116667
0 0.752344 0.656944 0.134375 0.144444
0 0.923047 0.413889 0.147656 0.122222
