0 0.757032 0.195921 0.093750 0.155556
0 0.080394 0.200535 0.075000 0.093056
0 0.216182 0.467430 0.128125 0.106944
0 0.372431 0.616477 0.097656 0.087500
0 0.371794 0.520803 0.087500 0.105556
0 0.475919 0.457607 0.078125 0.090278
0 0.568455 0.524758 0.071875 0.095833
0 0.614105 0.429895 0.082813 0.109722
0 0.701077 0.425787 0.082031 0.104167
0 0.693629 0.539010 0.085938 0.109722
0 0.802772 0.616174 0.110156 0.098611
0 0.755233 0.661475 0.091406 0.122222
0 0.807887 0.524280 0.129688 0.105556
0 0.800817 0.372269 0.117188 0.136111
0 0.207422 0.582639 0.138281 0.098611
0 0.462891 0.581944 0.077344 0.119444
