0 0.756839 0.187185 0.093750 0.155556
0 0.080912 0.200405 0.075000 0.093056
0 0.800892 0.372224 0.117188 0.136111
0 0.807530 0.492614 0.114063 0.105556
0 0.932571 0.462710 0.132031 0.091667
0 0.803685 0.602940 0.103125 0.109722
0 0.558144 0.508277 0.074219 0.102778
0 0.688617 0.518332 0.085938 0.104167
0 0.676997 0.388459 0.078906 0.123611
0 0.314121 0.517332 0.120312 0.095833
0 0.286645 0.633245 0.103125 0.065278
0 0.413608 0.447901 0.086719 0.095833
0 0.162511 0.603364 0.156250 0.119444
0 0.730740 0.666299 0.123438 0.126389
0 0.399818 0.585831 0.085156 0.113889
0 0.614062 0.465278 0.084375 0.138889
