0 0.292919 0.331673 0.112500 0.144444
0 0.565281 0.616793 0.096875 0.161111
0 0.305901 0.147762 0.091406 0.120833
0 0.292920 0.331674 0.112500 0.144444
0 0.565288 0.616793 0.096875 0.161111
0 0.305903 0.147760 0.091406 0.120833
0 0.292919 0.331673 0.112500 0.144444
0 0.565281 0.616793 0.096875 0.161111
0 0.305901 0.147762 0.091406 0.120833
0 0.292919 0.331673 0.112500 0.144444
0 0.565284 0.616784 0.096875 0.161111
0 0.305901 0.147762 0.091406 0.120833
0 0.875067 0.910795 0.115625 0.166667
0 0.636367 0.835363 0.080469 0.181944
0 0.493235 0.789149 0.082813 0.141667
0 0.500002 0.913278 0.064062 0.118056
0 0.745304 0.827646 0.104687 0.152778
0 0.762401 0.945278 0.114063 0.104167
0 0.244448 0.860920 0.087500 0.152778
0 0.116424 0.857640 0.146875 0.131944
0 0.365355 0.933852 0.083594 0.115278
0 0.333984 0.802778 0.096094 0.130556
