0 0.692188 0.425559 0.114063 0.115278
0 0.747939 0.206937 0.121875 0.154167
0 0.582530 0.456356 0.095312 0.140278
0 0.590404 0.632547 0.097656 0.143056
0 0.354156 0.547067 0.122656 0.127778
0 0.237428 0.499857 0.098438 0.136111
0 0.479698 0.472178 0.071875 0.155556
0 0.344894 0.425052 0.099219 0.111111
0 0.829675 0.491751 0.104687 0.133333
0 0.140530 0.442386 0.118750 0.143056
0 0.750933 0.649885 0.134375 0.144444
0 0.923039 0.413829 0.147656 0.122222
0 0.722601 0.547293 0.135937 0.102778
0 0.082813 0.588194 0.146875 0.123611
