0 0.109988 0.333271 0.062500 0.126389
0 0.584491 0.407354 0.078125 0.156944
0 0.662657 0.416228 0.061719 0.168056
0 0.921993 0.092147 0.104687 0.155556
0 0.901577 0.554101 0.104687 0.144444
0 0.903881 0.746286 0.104687 0.170833
0 0.216820 0.062501 0.120312 0.123611
0 0.124853 0.051101 0.061719 0.100000
0 0.226573 0.927274 0.115625 0.143056
0 0.182145 0.329758 0.081250 0.104167
0 0.351318 0.916681 0.110156 0.163889
0 0.182398 0.623042 0.113281 0.170833
0 0.596902 0.118646 0.085938 0.177778
0 0.100983 0.452030 0.076563 0.126389
0 0.187891 0.448611 0.088281 0.152778
