0 0.358541 0.450700 0.082813 0.109722
0 0.353075 0.574369 0.084375 0.129167
0 0.444715 0.510269 0.074219 0.125000
0 0.104114 0.599339 0.159375 0.105556
0 0.237617 0.619003 0.102344 0.091667
0 0.493649 0.447246 0.064062 0.138889
0 0.752274 0.594280 0.114063 0.108333
0 0.704883 0.333363 0.101562 0.122222
0 0.560882 0.393663 0.076563 0.101389
0 0.233486 0.528909 0.104687 0.108333
0 0.832403 0.425796 0.138281 0.137500
0 0.090347 0.191878 0.077344 0.109722
0 0.685370 0.466493 0.100781 0.120833
0 0.758147 0.185490 0.096875 0.152778
0 0.571358 0.503541 0.080469 0.108333
0 0.662480 0.646685 0.092969 0.137500
