0 0.757084 0.195979 0.093750 0.155556
0 0.080355 0.200454 0.075000 0.093056
0 0.372395 0.616595 0.097656 0.087500
0 0.371664 0.520672 0.087500 0.105556
0 0.475896 0.457531 0.078125 0.090278
0 0.569338 0.523782 0.071875 0.095833
0 0.614039 0.429839 0.082813 0.109722
0 0.701019 0.425853 0.082031 0.104167
0 0.755360 0.663173 0.091406 0.122222
0 0.800811 0.372336 0.117188 0.136111
0 0.163259 0.599846 0.138281 0.098611
0 0.809281 0.497795 0.114063 0.105556
0 0.932439 0.462699 0.132031 0.091667
0 0.704125 0.540203 0.085156 0.094444
0 0.462691 0.585391 0.081250 0.111111
0 0.119948 0.454866 0.182031 0.109722
0 0.806567 0.610516 0.103125 0.109722
