0 0.584742 0.407446 0.078125 0.156944
0 0.660181 0.415984 0.061719 0.168056
0 0.900774 0.553892 0.104687 0.144444
0 0.902245 0.741740 0.104687 0.170833
0 0.216420 0.063461 0.120312 0.123611
0 0.597635 0.119921 0.085938 0.177778
0 0.178036 0.649617 0.114063 0.173611
0 0.175009 0.324067 0.079687 0.118056
0 0.205173 0.446359 0.115625 0.118056
0 0.095177 0.460511 0.089844 0.123611
0 0.115830 0.314645 0.050781 0.137500
0 0.154926 0.874414 0.141406 0.184722
0 0.525809 0.715317 0.085938 0.163889
0 0.932407 0.114224 0.090625 0.154167
