0 0.702420 0.180434 0.075781 0.154167
0 0.408743 0.467031 0.074219 0.134722
0 0.666103 0.474411 0.082031 0.134722
0 0.753668 0.377751 0.099219 0.083333
0 0.475717 0.488172 0.071875 0.115278
0 0.832386 0.599921 0.110156 0.104167
0 0.811348 0.506929 0.107031 0.102778
0 0.527432 0.418702 0.064844 0.101389
0 0.796278 0.170324 0.060938 0.108333
0 0.350274 0.625547 0.090625 0.156944
0 0.729618 0.443725 0.062500 0.070833
0 0.565639 0.340879 0.078125 0.134722
0 0.717650 0.578676 0.118750 0.106944
0 0.567969 0.481250 0.059375 0.087500
0 0.130469 0.499306 0.148438 0.106944
0 0.243359 0.443056 0.117969 0.138889
0 0.321484 0.513889 0.072656 0.097222
