0 0.689796 0.172224 0.070312 0.163889
0 0.562936 0.502595 0.067969 0.127778
0 0.560467 0.626699 0.085938 0.130556
0 0.616468 0.683627 0.080469 0.147222
0 0.650746 0.521230 0.132812 0.120833
0 0.750109 0.477846 0.092188 0.161111
0 0.379515 0.495688 0.070312 0.122222
0 0.760064 0.179404 0.089844 0.126389
0 0.438695 0.642055 0.106250 0.127778
0 0.463725 0.515935 0.071094 0.137500
0 0.892839 0.556320 0.136719 0.113889
0 0.255078 0.572917 0.128906 0.106944
0 0.134375 0.574306 0.146875 0.129167
0 0.259766 0.462500 0.132031 0.113889
