0 0.696438 0.178505 0.075781 0.154167
0 0.779985 0.195337 0.079687 0.105556
0 0.413447 0.385074 0.067188 0.116667
0 0.370410 0.474733 0.085938 0.111111
0 0.564646 0.468231 0.075781 0.113889
0 0.169920 0.675504 0.138281 0.119444
0 0.660270 0.444247 0.065625 0.066667
0 0.651993 0.387192 0.088281 0.094444
0 0.749640 0.610041 0.101562 0.104167
0 0.918628 0.585816 0.117188 0.125000
0 0.814084 0.482615 0.085938 0.129167
0 0.176568 0.472221 0.139062 0.080556
0 0.135136 0.564748 0.128906 0.076389
0 0.720372 0.510986 0.096875 0.105556
0 0.644455 0.613366 0.100000 0.126389
0 0.475044 0.354346 0.084375 0.119444
0 0.466291 0.475589 0.076563 0.109722
